Label	Saturated	J.D.-2400000	JD_UTC	JD_SOBS	HJD_UTC	BJD_TDB	AIRMASS	ALT_OBJ	CCD-TEMP	EXPTIME	RAOBJ2K	DECOBJ2K	Source-Sky_T1	Source_SNR_T1	Peak_T1	Sky/Pixel_T1	N_Sky_Pixels_T1
r_pp_light_00001.fit	60175	60180.37301935209	2460180.373019352	NaN	NaN	0	1.069596	NaN	-10.2	15	NaN	NaN	16339000.371849123	3024.110939226806	60175	41.934791097227645	5122
r_pp_light_00002.fit	61303	60180.37327533588	2460180.373275336	NaN	NaN	0	1.069358	NaN	-10.2	15	NaN	NaN	15985718.943815611	2975.483672768953	61303	43.096866096866094	4914
r_pp_light_00003.fit	60402	60180.37353069475	2460180.3735306947	NaN	NaN	0	1.069121	NaN	-10.2	15	NaN	NaN	15431364.144613374	2901.6705995759066	60402	41.02228702353676	4801
r_pp_light_00004.fit	61379	60180.373786713	2460180.373786713	NaN	NaN	0	1.068885	NaN	-10.2	15	NaN	NaN	16976072.351793047	3103.8813052077044	61379	39.74876652851786	5067
r_pp_light_00005.fit	59862	60180.374042534735	2460180.3740425347	NaN	NaN	0	1.068649	NaN	-10.3	15	NaN	NaN	15847206.398143742	2955.5947041237882	59862	42.94055068836045	4794
r_pp_light_00006.fit	62526	60180.37429842632	2460180.3742984263	NaN	NaN	0	1.068415	NaN	-10.3	15	NaN	NaN	15720854.11986802	2938.7566766348054	62526	41.50766323745538	4763
r_pp_light_00007.fit	60995	60180.3745542597	2460180.3745542597	NaN	NaN	0	1.068182	NaN	-10.2	15	NaN	NaN	16969209.02071567	3098.5712948341557	60995	39.847340980187695	4795
r_pp_light_00008.fit	60117	60180.37480961811	2460180.374809618	NaN	NaN	0	1.067949	NaN	-10.2	15	NaN	NaN	16548199.300064187	3046.750325811729	60117	40.974743326488706	4870
r_pp_light_00009.fit	60222	60180.37506559072	2460180.3750655907	NaN	NaN	0	1.067718	NaN	-10.2	15	NaN	NaN	19119498.351461254	3360.1320010255517	60222	41.52130534192476	4811
r_pp_light_00010.fit	61705	60180.37532091467	2460180.3753209147	NaN	NaN	0	1.067488	NaN	-10.3	15	NaN	NaN	16231954.194505844	3004.7992699281613	61705	41.95643066610808	4774
r_pp_light_00011.fit	61063	60180.37557616923	2460180.375576169	NaN	NaN	0	1.067259	NaN	-10.2	15	NaN	NaN	15649623.11867983	2930.861197587281	61063	40.88659367899194	4841
r_pp_light_00012.fit	61119	60180.37583165523	2460180.375831655	NaN	NaN	0	1.06703	NaN	-10.2	15	NaN	NaN	15689526.436644185	2935.5617031151955	61119	41.834683281412254	4815
r_pp_light_00013.fit	59577	60180.376086968	2460180.376086968	NaN	NaN	0	1.066803	NaN	-10.3	15	NaN	NaN	16088602.288118668	2984.5006080588496	59577	41.831725616291536	4665
r_pp_light_00014.fit	59094	60180.37634219928	2460180.3763421993	NaN	NaN	0	1.066577	NaN	-10.2	15	NaN	NaN	15004352.851942152	2846.107789357859	59094	41.568069306930695	4848
r_pp_light_00015.fit	59663	60180.37659752322	2460180.376597523	NaN	NaN	0	1.066351	NaN	-10.3	15	NaN	NaN	16131371.145166466	2992.291128166826	59663	42.32541171565562	4797
r_pp_light_00016.fit	60617	60180.376852847636	2460180.3768528476	NaN	NaN	0	1.066127	NaN	-10.3	15	NaN	NaN	15973287.164369872	2972.2801002398646	60617	43.39655530192986	4819
r_pp_light_00017.fit	60160	60180.377108078916	2460180.377108079	NaN	NaN	0	1.065903	NaN	-10.2	15	NaN	NaN	17146868.803098097	3120.0829069135784	60160	44.6644309369105	4771
r_pp_light_00018.fit	60438	60180.377364062704	2460180.3773640627	NaN	NaN	0	1.06568	NaN	-10.3	15	NaN	NaN	17006675.918189414	3101.78259222784	60438	42.57173129900403	4719
r_pp_light_00019.fit	59788	60180.37762004649	2460180.3776200465	NaN	NaN	0	1.065458	NaN	-10.2	15	NaN	NaN	15744822.973423291	2943.454215905072	59788	42.440419839473144	4859
r_pp_light_00020.fit	59772	60180.37787527824	2460180.3778752782	NaN	NaN	0	1.065237	NaN	-10.3	15	NaN	NaN	15214819.028699946	2871.912359284685	59772	41.478003384094755	4728
r_pp_light_00021.fit	59651	60180.37813054398	2460180.378130544	NaN	NaN	0	1.065017	NaN	-10.2	15	NaN	NaN	15885982.555982525	2961.4466338667958	59651	41.910330578512394	4840
r_pp_light_00022.fit	59143	60180.378385799006	2460180.378385799	NaN	NaN	0	1.064799	NaN	-10.3	15	NaN	NaN	16002399.479298305	2976.0836344448676	59143	42.10128684101287	4818
r_pp_light_00023.fit	59076	60180.378641076386	2460180.3786410764	NaN	NaN	0	1.064581	NaN	-10.2	15	NaN	NaN	14524274.927860579	2779.5012728937486	59076	42.656057712709526	4713
r_pp_light_00024.fit	58886	60180.37889636587	2460180.378896366	NaN	NaN	0	1.064364	NaN	-10.3	15	NaN	NaN	15773844.998157207	2944.8454169584775	58886	43.14651704425153	4723
r_pp_light_00025.fit	58323	60180.37915163208	2460180.379151632	NaN	NaN	0	1.064148	NaN	-10.2	15	NaN	NaN	14695456.33848504	2803.348979643332	58323	43.3844215830359	4763
r_pp_light_00026.fit	59200	60180.379407442175	2460180.379407442	NaN	NaN	0	1.063932	NaN	-10.3	15	NaN	NaN	15313460.955940226	2885.4168066320667	59200	42.989080218395635	4762
r_pp_light_00027.fit	60034	60180.37966261618	2460180.379662616	NaN	NaN	0	1.063718	NaN	-10.2	15	NaN	NaN	15279013.055979012	2883.1294361400155	60034	41.74136168472705	4891
r_pp_light_00028.fit	60092	60180.37991803279	2460180.379918033	NaN	NaN	0	1.063505	NaN	-10.3	15	NaN	NaN	14706668.41818585	2804.738900639306	60092	43.5640109312592	4757
r_pp_light_00029.fit	60562	60180.380173970014	2460180.38017397	NaN	NaN	0	1.063292	NaN	-10.2	15	NaN	NaN	15409205.982582228	2899.2297457683894	60562	43.44561621174525	4836
r_pp_light_00030.fit	61250	60180.3804357755	2460180.3804357755	NaN	NaN	0	1.063075	NaN	-10.2	15	NaN	NaN	15234834.82062733	2873.7561765034725	61250	43.44636383024099	4689
r_pp_light_00031.fit	59844	60180.380691169295	2460180.3806911693	NaN	NaN	0	1.062865	NaN	-10.3	15	NaN	NaN	16829037.89901302	3077.8889493627807	59844	43.11660548477651	4631
r_pp_light_00032.fit	61375	60180.380946724676	2460180.3809467247	NaN	NaN	0	1.062655	NaN	-10.2	15	NaN	NaN	17290388.363502555	3138.691431008526	61375	43.58686616791355	4812
r_pp_light_00033.fit	60261	60180.3812025236	2460180.3812025236	NaN	NaN	0	1.062446	NaN	-10.3	15	NaN	NaN	16955946.95660029	3093.1602023920623	60261	43.50076136610833	4597
r_pp_light_00034.fit	60593	60180.381457743235	2460180.3814577432	NaN	NaN	0	1.062238	NaN	-10.2	15	NaN	NaN	17711701.124973834	3188.5296499571346	60593	44.90883919062833	4695
r_pp_light_00035.fit	61490	60180.381713044364	2460180.3817130444	NaN	NaN	0	1.062032	NaN	-10.2	15	NaN	NaN	16143384.78938151	2994.5465722951103	61490	45.47308723448133	4849
r_pp_light_00036.fit	61321	60180.38196841441	2460180.3819684144	NaN	NaN	0	1.061826	NaN	-10.2	15	NaN	NaN	19854812.27675652	3446.0460262067086	61321	46.91746163417669	4822
r_pp_light_00037.fit	61245	60180.382224166766	2460180.3822241668	NaN	NaN	0	1.061621	NaN	-10.2	15	NaN	NaN	15501566.874032356	2909.89009813472	61245	44.97456380071473	4757
r_pp_light_00038.fit	61739	60180.38247925928	2460180.3824792593	NaN	NaN	0	1.061417	NaN	-10.2	15	NaN	NaN	15783015.845122417	2946.943434274295	61739	44.101297614064464	4778
r_pp_light_00039.fit	60404	60180.38273500046	2460180.3827350005	NaN	NaN	0	1.061214	NaN	-10.2	15	NaN	NaN	15102742.049462825	2856.7627834444247	60404	42.89284956503289	4713
r_pp_light_00040.fit	61112	60180.38299074117	2460180.382990741	NaN	NaN	0	1.061011	NaN	-10.3	15	NaN	NaN	14628860.211185293	2794.2568648508513	61112	43.33592763988221	4754
r_pp_light_00041.fit	60558	60180.38324656291	2460180.383246563	NaN	NaN	0	1.06081	NaN	-10.2	15	NaN	NaN	14017731.115197718	2711.857633364842	60558	44.18984962406015	4788
r_pp_light_00042.fit	60299	60180.38350230362	2460180.3835023036	NaN	NaN	0	1.060609	NaN	-10.2	15	NaN	NaN	15260347.819576928	2880.074187612581	60299	42.99444330109076	4859
r_pp_light_00043.fit	60298	60180.38375821803	2460180.383758218	NaN	NaN	0	1.060409	NaN	-10.2	15	NaN	NaN	14851000.088391867	2822.0451476285593	60298	43.784930032292785	4645
r_pp_light_00044.fit	59718	60180.3840139471	2460180.384013947	NaN	NaN	0	1.060211	NaN	-10.2	15	NaN	NaN	14997481.337957542	2841.7610354016474	59718	42.40597464001719	4653
r_pp_light_00045.fit	60474	60180.38426987268	2460180.3842698727	NaN	NaN	0	1.060013	NaN	-10.3	15	NaN	NaN	15561516.547845256	2917.1761420285065	60474	44.038958289222954	4723
r_pp_light_00046.fit	59850	60180.38452577591	2460180.384525776	NaN	NaN	0	1.059816	NaN	-10.2	15	NaN	NaN	16227842.137487313	3002.5045782614893	59850	41.62379627648192	4673
r_pp_light_00047.fit	59868	60180.3847811576	2460180.3847811576	NaN	NaN	0	1.05962	NaN	-10.3	15	NaN	NaN	15108341.586213933	2856.7363956310164	59868	41.58079725675096	4666
r_pp_light_00048.fit	58828	60180.385036285035	2460180.385036285	NaN	NaN	0	1.059426	NaN	-10.2	15	NaN	NaN	15196935.451758064	2871.59101882865	58828	42.7627293341579	4851
r_pp_light_00049.fit	58845	60180.38529236149	2460180.3852923615	NaN	NaN	0	1.059232	NaN	-10.2	15	NaN	NaN	14746484.494185433	2810.920360817621	58845	41.49166666666667	4800
r_pp_light_00050.fit	58368	60180.38554763934	2460180.3855476393	NaN	NaN	0	1.059039	NaN	-10.3	15	NaN	NaN	14135507.061687386	2728.300922174479	58368	41.791875	4800
