Label	Saturated	J.D.-2400000	JD_UTC	JD_SOBS	HJD_UTC	BJD_TDB	AIRMASS	ALT_OBJ	CCD-TEMP	EXPTIME	RAOBJ2K	DECOBJ2K	Source-Sky_T1	Peak_T1	Sky/Pixel_T1	N_Sky_Pixels_T1
r_pp_light_00001.fits	60091	60249.45507972222	2460249.455079722	NaN	NaN	0	1.22827	NaN	-11	15	NaN	NaN	8600714.357580956	60091	49.5531914893617	2914
r_pp_light_00002.fits	60074	60249.455336990766	2460249.4553369908	NaN	NaN	0	1.229139	NaN	-11	15	NaN	NaN	8068025.045645005	60074	48.375843454790825	2964
r_pp_light_00003.fits	60126	60249.455593611114	2460249.455593611	NaN	NaN	0	1.230008	NaN	-11	15	NaN	NaN	8176959.359776807	60126	47.55496157701303	2993
r_pp_light_00004.fits	59630	60249.45584990783	2460249.455849908	NaN	NaN	0	1.230879	NaN	-10.9	15	NaN	NaN	8321831.304828964	59630	46.412053717654764	3053
r_pp_light_00005.fits	59586	60249.456105601974	2460249.456105602	NaN	NaN	0	1.231751	NaN	-10.9	15	NaN	NaN	8409416.603267616	59586	47.85719097339172	2969
r_pp_light_00006.fits	60230	60249.45636157412	2460249.456361574	NaN	NaN	0	1.232624	NaN	-10.9	15	NaN	NaN	8249232.037093142	60230	47.42754802995767	3071
r_pp_light_00007.fits	60186	60249.456617280375	2460249.4566172804	NaN	NaN	0	1.233499	NaN	-10.9	15	NaN	NaN	8759028.72412612	60186	46.537165510406346	3027
r_pp_light_00008.fits	59406	60249.45687245391	2460249.456872454	NaN	NaN	0	1.234376	NaN	-10.9	15	NaN	NaN	9113999.525698485	59406	44.104376012965965	3085
r_pp_light_00009.fits	58201	60249.46000069473	2460249.4600006947	NaN	NaN	0	1.245257	NaN	-11	15	NaN	NaN	10748575.316969631	58201	45.60645161290323	2945
r_pp_light_00010.fits	58370	60249.46025692159	2460249.4602569216	NaN	NaN	0	1.246166	NaN	-11	15	NaN	NaN	10979101.096288739	58370	46.960240561309725	2993
r_pp_light_00011.fits	58064	60249.46051268559	2460249.4605126856	NaN	NaN	0	1.247077	NaN	-11	15	NaN	NaN	11799234.922185572	58064	47.518037049073776	3077
r_pp_light_00012.fits	58208	60249.46076834528	2460249.4607683453	NaN	NaN	0	1.247989	NaN	-11	15	NaN	NaN	10069888.421875179	58208	46.63693633952255	3016
r_pp_light_00013.fits	58272	60249.46102430578	2460249.461024306	NaN	NaN	0	1.248904	NaN	-11	15	NaN	NaN	10934367.179864593	58272	47.530713342140025	3028
r_pp_light_00014.fits	58052	60249.461279710755	2460249.4612797108	NaN	NaN	0	1.24982	NaN	-11	15	NaN	NaN	10363447.515604807	58052	48.28902883659264	3017
r_pp_light_00015.fits	58955	60249.461535057984	2460249.461535058	NaN	NaN	0	1.250737	NaN	-11	15	NaN	NaN	10387641.71656508	58955	47.53331078796077	2957
r_pp_light_00016.fits	58972	60249.46179033583	2460249.461790336	NaN	NaN	0	1.251658	NaN	-11.1	15	NaN	NaN	10672410.829463497	58972	48.608316566063046	2982
r_pp_light_00017.fits	57569	60249.46204630798	2460249.462046308	NaN	NaN	0	1.252581	NaN	-11.1	15	NaN	NaN	10777836.191720739	57569	47.20342894823607	3033
r_pp_light_00018.fits	57860	60249.462301481515	2460249.4623014815	NaN	NaN	0	1.253506	NaN	-11.1	15	NaN	NaN	9730033.329947818	57860	46.01364392678869	3005
r_pp_light_00019.fits	58012	60249.46255690977	2460249.46255691	NaN	NaN	0	1.254433	NaN	-11.1	15	NaN	NaN	11007732.11028878	58012	48.94207216153592	3021
r_pp_light_00020.fits	59354	60249.46281289356	2460249.4628128936	NaN	NaN	0	1.255364	NaN	-11.1	15	NaN	NaN	10716705.739142358	59354	49.06122448979592	3038
r_pp_light_00021.fits	58985	60249.463068345096	2460249.463068345	NaN	NaN	0	1.256296	NaN	-11.1	15	NaN	NaN	9989810.90250344	58985	49.37871204537871	2997
r_pp_light_00022.fits	58826	60249.463323680684	2460249.4633236807	NaN	NaN	0	1.25723	NaN	-11.1	15	NaN	NaN	9579732.739825686	58826	46.463569518716575	2992
r_pp_light_00023.fits	58644	60249.46357966447	2460249.4635796645	NaN	NaN	0	1.258168	NaN	-11.1	15	NaN	NaN	9757403.418853553	58644	48.16024340770791	2958
r_pp_light_00024.fits	59868	60249.46383447945	2460249.4638344795	NaN	NaN	0	1.259105	NaN	-11.1	15	NaN	NaN	9607491.057070758	59868	49.86709072648142	2987
r_pp_light_00025.fits	58669	60249.46408959525	2460249.4640895952	NaN	NaN	0	1.260045	NaN	-11.1	15	NaN	NaN	9980524.34751697	58669	47.89779822543542	3043
r_pp_light_00026.fits	58297	60249.4643450696	2460249.4643450696	NaN	NaN	0	1.260946	NaN	-11.1	15	NaN	NaN	10072358.811816411	58297	49.85791427607155	2963
r_pp_light_00027.fits	59153	60249.46460038237	2460249.4646003824	NaN	NaN	0	1.26189	NaN	-11.1	15	NaN	NaN	10304171.453576423	59153	49.52771400459167	3049
r_pp_light_00028.fits	58600	60249.46485570632	2460249.4648557063	NaN	NaN	0	1.262837	NaN	-11.1	15	NaN	NaN	10710109.72661734	58600	50.94668400520156	3076
r_pp_light_00029.fits	58512	60249.465111666825	2460249.465111667	NaN	NaN	0	1.263793	NaN	-11.1	15	NaN	NaN	10041127.385933222	58512	51.938569989929505	2979
r_pp_light_00030.fits	59207	60249.46536703734	2460249.4653670373	NaN	NaN	0	1.264744	NaN	-11.1	15	NaN	NaN	10916421.34154642	59207	52.50569323509712	2986
r_pp_light_00031.fits	58633	60249.46562322928	2460249.4656232293	NaN	NaN	0	1.265702	NaN	-11.1	15	NaN	NaN	11583303.947772522	58633	51.47092057161848	3009
r_pp_light_00032.fits	58402	60249.46587861143	2460249.4658786114	NaN	NaN	0	1.266661	NaN	-11.2	15	NaN	NaN	10140014.599789985	58402	50.401493021746184	3081
r_pp_light_00033.fits	58816	60249.466133750044	2460249.46613375	NaN	NaN	0	1.267619	NaN	-11.2	15	NaN	NaN	10513128.388437977	58816	52.052945069490406	3022
r_pp_light_00034.fits	58506	60249.46638905117	2460249.466389051	NaN	NaN	0	1.26858	NaN	-11.2	15	NaN	NaN	10379855.55897212	58506	50.56349475110058	2953
r_pp_light_00035.fits	59403	60249.466644791886	2460249.466644792	NaN	NaN	0	1.269548	NaN	-11.2	15	NaN	NaN	10838971.101575961	59403	51.03160270880361	3101
r_pp_light_00036.fits	58725	60249.46689987276	2460249.4668998728	NaN	NaN	0	1.270514	NaN	-11.2	15	NaN	NaN	10814797.151833147	58725	51.27287743640568	3027
r_pp_light_00037.fits	59810	60249.467155208346	2460249.4671552083	NaN	NaN	0	1.271483	NaN	-11.2	15	NaN	NaN	10800671.171585996	59810	49.72086899275839	3038
r_pp_light_00038.fits	58406	60249.46741038235	2460249.4674103823	NaN	NaN	0	1.272453	NaN	-11.2	15	NaN	NaN	11084385.087250864	58406	49.05625	2880
r_pp_light_00039.fits	59220	60249.467666296754	2460249.4676662968	NaN	NaN	0	1.273431	NaN	-11.2	15	NaN	NaN	11097521.518646613	59220	48.98976559920766	3029
r_pp_light_00040.fits	59467	60249.46792200254	2460249.4679220025	NaN	NaN	0	1.274409	NaN	-11.2	15	NaN	NaN	10816139.452831	59467	49.06481790845306	2993
r_pp_light_00041.fits	58402	60249.46817726875	2460249.4681772687	NaN	NaN	0	1.275387	NaN	-11.2	15	NaN	NaN	10820789.30821493	58402	49.3011556764106	2942
r_pp_light_00042.fits	58295	60249.468432558235	2460249.4684325582	NaN	NaN	0	1.276367	NaN	-11.2	15	NaN	NaN	11723519.639202828	58295	48.538096850660345	2953
r_pp_light_00043.fits	58268	60249.46868788218	2460249.468687882	NaN	NaN	0	1.277351	NaN	-11.3	15	NaN	NaN	11325919.919114497	58268	49.89265536723164	3009
r_pp_light_00044.fits	59079	60249.46894337982	2460249.46894338	NaN	NaN	0	1.278293	NaN	-11.3	15	NaN	NaN	9763951.223431658	59079	48.534188034188034	3042
r_pp_light_00045.fits	58375	60249.46919827582	2460249.469198276	NaN	NaN	0	1.27928	NaN	-11.3	15	NaN	NaN	9302565.3632407	58375	49.06820428336079	3035
r_pp_light_00046.fits	59303	60249.4694537851	2460249.469453785	NaN	NaN	0	1.280272	NaN	-11.3	15	NaN	NaN	10053797.76443486	59303	47.86218375499334	3004
r_pp_light_00047.fits	58560	60249.46970912069	2460249.4697091207	NaN	NaN	0	1.281264	NaN	-11.3	15	NaN	NaN	11286511.198820839	58560	47.62032630863358	2942
r_pp_light_00048.fits	58796	60249.46996517386	2460249.469965174	NaN	NaN	0	1.282263	NaN	-11.3	15	NaN	NaN	10819162.678336414	58796	47.43739509902652	2979
r_pp_light_00049.fits	59265	60249.470220382325	2460249.4702203823	NaN	NaN	0	1.283263	NaN	-11.3	15	NaN	NaN	11689135.116876414	59265	47.43418803418803	2925
r_pp_light_00050.fits	56654	60249.47047584504	2460249.470475845	NaN	NaN	0	1.284263	NaN	-11.3	15	NaN	NaN	12445488.795989024	56654	47.67408637873754	3010
r_pp_light_00051.fits	58116	60249.47073104186	2460249.470731042	NaN	NaN	0	1.285267	NaN	-11.3	15	NaN	NaN	12057740.587645164	58116	45.85054719562243	2924
r_pp_light_00052.fits	58386	60249.47098593786	2460249.470985938	NaN	NaN	0	1.28627	NaN	-11.3	15	NaN	NaN	11753380.0835665	58386	46.9055967633176	2966
r_pp_light_00053.fits	58208	60249.471241991036	2460249.471241991	NaN	NaN	0	1.287283	NaN	-11.4	15	NaN	NaN	10455232.408677803	58208	47.50309748940332	3067
r_pp_light_00054.fits	59575	60249.47149726888	2460249.471497269	NaN	NaN	0	1.288294	NaN	-11.4	15	NaN	NaN	11851233.72933632	59575	45.46419185282523	3044
r_pp_light_00055.fits	59451	60249.47175265057	2460249.4717526506	NaN	NaN	0	1.289306	NaN	-11.4	15	NaN	NaN	12001062.974102966	59451	45.034773801485485	2962
r_pp_light_00056.fits	58515	60249.47200778965	2460249.4720077896	NaN	NaN	0	1.290323	NaN	-11.4	15	NaN	NaN	11401736.502943479	58515	44.951644736842105	3040
r_pp_light_00057.fits	58271	60249.472263113596	2460249.4722631136	NaN	NaN	0	1.29134	NaN	-11.4	15	NaN	NaN	10698082.3184286	58271	42.62341049885882	3067
r_pp_light_00058.fits	58668	60249.472518622875	2460249.472518623	NaN	NaN	0	1.292363	NaN	-11.4	15	NaN	NaN	10337707.418629354	58668	43.92435854715095	3001
r_pp_light_00059.fits	58453	60249.47277453728	2460249.4727745373	NaN	NaN	0	1.293388	NaN	-11.4	15	NaN	NaN	9662164.933785206	58453	43.5363184079602	3015
r_pp_light_00060.fits	59447	60249.47302982677	2460249.473029827	NaN	NaN	0	1.294415	NaN	-11.4	15	NaN	NaN	9578101.567660159	59447	43.07637075718016	3064
r_pp_light_00061.fits	58361	60249.473285174	2460249.473285174	NaN	NaN	0	1.295442	NaN	-11.4	15	NaN	NaN	10399112.930304429	58361	44.50016806722689	2975
r_pp_light_00062.fits	57631	60249.473540555686	2460249.4735405557	NaN	NaN	0	1.296429	NaN	-11.4	15	NaN	NaN	10116118.913601417	57631	43.482314049586776	3025
r_pp_light_00063.fits	58901	60249.47379587963	2460249.4737958796	NaN	NaN	0	1.297463	NaN	-11.4	15	NaN	NaN	10457695.063146764	58901	43.894839337877315	3081
r_pp_light_00064.fits	58649	60249.47405182896	2460249.474051829	NaN	NaN	0	1.298501	NaN	-11.4	15	NaN	NaN	11427006.361636836	58649	43.153094462540714	3070
r_pp_light_00065.fits	58015	60249.47430690983	2460249.47430691	NaN	NaN	0	1.299539	NaN	-11.4	15	NaN	NaN	12056888.802837193	58015	45.19031830238727	3016
r_pp_light_00066.fits	56767	60249.47456204891	2460249.474562049	NaN	NaN	0	1.30058	NaN	-11.4	15	NaN	NaN	10740358.068835309	56767	42.45035924232528	3062
r_pp_light_00067.fits	59708	60249.474817465525	2460249.4748174655	NaN	NaN	0	1.301626	NaN	-11.4	15	NaN	NaN	10635516.113750702	59708	43.92048429319372	3056
r_pp_light_00068.fits	58458	60249.475072696805	2460249.475072697	NaN	NaN	0	1.30267	NaN	-11.4	15	NaN	NaN	10251191.527215226	58458	46.36860957342885	3071
r_pp_light_00069.fits	58975	60249.47532866942	2460249.4753286694	NaN	NaN	0	1.303722	NaN	-11.4	15	NaN	NaN	9642684.04699463	58975	45.09702241552359	2989
r_pp_light_00070.fits	58468	60249.475584005006	2460249.475584005	NaN	NaN	0	1.304776	NaN	-11.4	15	NaN	NaN	9956242.652371848	58468	44.033512064343164	2984
r_pp_light_00071.fits	58903	60249.47583940998	2460249.47583941	NaN	NaN	0	1.305829	NaN	-11.4	15	NaN	NaN	9521689.577030806	58903	45.31624500665779	3004
r_pp_light_00072.fits	58077	60249.47609496536	2460249.4760949654	NaN	NaN	0	1.306887	NaN	-11.4	15	NaN	NaN	9698545.932330476	58077	43.51597289448209	3099
r_pp_light_00073.fits	58963	60249.476350138895	2460249.476350139	NaN	NaN	0	1.307947	NaN	-11.4	15	NaN	NaN	9222888.703265399	58963	44.03295956506966	2943
r_pp_light_00074.fits	57711	60249.47660556715	2460249.476605567	NaN	NaN	0	1.309008	NaN	-11.4	15	NaN	NaN	9525684.275742946	57711	41.921521590130226	2918
r_pp_light_00075.fits	58296	60249.47686157422	2460249.476861574	NaN	NaN	0	1.310078	NaN	-11.4	15	NaN	NaN	9134908.28714584	58296	41.92104359766564	2913
r_pp_light_00076.fits	57940	60249.477116956376	2460249.4771169564	NaN	NaN	0	1.311145	NaN	-11.4	15	NaN	NaN	9343996.222122528	57940	43.17874396135266	2898
r_pp_light_00077.fits	58324	60249.477372187655	2460249.4773721877	NaN	NaN	0	1.312165	NaN	-11.4	15	NaN	NaN	10422866.210542962	58324	43.61015831134565	3032
r_pp_light_00078.fits	58969	60249.47762752324	2460249.4776275232	NaN	NaN	0	1.313239	NaN	-11.4	15	NaN	NaN	10329594.914440215	58969	43.37926376224249	2961
r_pp_light_00079.fits	57627	60249.47788274335	2460249.4778827433	NaN	NaN	0	1.314312	NaN	-11.4	15	NaN	NaN	10487681.142263444	57627	43.88229409803268	2999
r_pp_light_00080.fits	58225	60249.47813880816	2460249.478138808	NaN	NaN	0	1.315393	NaN	-11.4	15	NaN	NaN	10490922.918271217	58225	43.42339926248743	2983
r_pp_light_00081.fits	57778	60249.47839381965	2460249.4783938196	NaN	NaN	0	1.316472	NaN	-11.4	15	NaN	NaN	10241793.524053477	57778	42.42336974511751	3021
r_pp_light_00082.fits	58297	60249.47864982672	2460249.4786498267	NaN	NaN	0	1.317558	NaN	-11.4	15	NaN	NaN	9950288.661439521	58297	43.90972684876749	3002
r_pp_light_00083.fits	57947	60249.47890519677	2460249.478905197	NaN	NaN	0	1.318644	NaN	-11.4	15	NaN	NaN	10245840.287265355	57947	44.44150184378143	2983
r_pp_light_00084.fits	57184	60249.479161122814	2460249.479161123	NaN	NaN	0	1.319736	NaN	-11.5	15	NaN	NaN	10824510.212864187	57184	44.4735274652548	3022
r_pp_light_00085.fits	58074	60249.47941686353	2460249.4794168635	NaN	NaN	0	1.320829	NaN	-11.5	15	NaN	NaN	10831961.540084321	58074	43.73240866035183	2956
r_pp_light_00086.fits	59426	60249.47967214137	2460249.4796721414	NaN	NaN	0	1.321922	NaN	-11.5	15	NaN	NaN	10900314.196209488	59426	43.026078234704116	2991
r_pp_light_00087.fits	57775	60249.479928194545	2460249.4799281945	NaN	NaN	0	1.323022	NaN	-11.5	15	NaN	NaN	11254072.844656074	57775	43.86432825943084	3022
r_pp_light_00088.fits	59223	60249.48018388916	2460249.480183889	NaN	NaN	0	1.324125	NaN	-11.5	15	NaN	NaN	10256538.805778584	59223	44.054036458333336	3072
r_pp_light_00089.fits	58659	60249.48043927085	2460249.480439271	NaN	NaN	0	1.325225	NaN	-11.5	15	NaN	NaN	10916747.382219587	58659	44.518902643024425	2989
r_pp_light_00090.fits	58073	60249.480695208535	2460249.4806952085	NaN	NaN	0	1.326283	NaN	-11.5	15	NaN	NaN	11311912.452379113	58073	44.48971466489715	3014
r_pp_light_00091.fits	57878	60249.48095057905	2460249.480950579	NaN	NaN	0	1.32739	NaN	-11.5	15	NaN	NaN	11718382.828796985	57878	44.871703028329534	3071
r_pp_light_00092.fits	57400	60249.48120593792	2460249.481205938	NaN	NaN	0	1.328501	NaN	-11.5	15	NaN	NaN	11422376.44989767	57400	44.433734939759034	2988
r_pp_light_00093.fits	57597	60249.48146108817	2460249.481461088	NaN	NaN	0	1.329613	NaN	-11.5	15	NaN	NaN	11267347.47627973	57597	45.07121160985488	2963
r_pp_light_00094.fits	58704	60249.48171659745	2460249.4817165975	NaN	NaN	0	1.330729	NaN	-11.5	15	NaN	NaN	10936409.248883797	58704	44.47409152086137	2972
r_pp_light_00095.fits	57975	60249.48197246529	2460249.4819724653	NaN	NaN	0	1.33185	NaN	-11.5	15	NaN	NaN	10315077.025004262	57975	44.46662102019856	2921
r_pp_light_00096.fits	57734	60249.48222766211	2460249.482227662	NaN	NaN	0	1.332972	NaN	-11.5	15	NaN	NaN	9952274.810523974	57734	45.35535599743425	3118
r_pp_light_00097.fits	57652	60249.482482916676	2460249.4824829167	NaN	NaN	0	1.334096	NaN	-11.5	15	NaN	NaN	9569381.080798427	57652	43.525265957446805	3008
r_pp_light_00098.fits	57860	60249.482738101855	2460249.482738102	NaN	NaN	0	1.335222	NaN	-11.5	15	NaN	NaN	9860752.555394918	57860	43.34330299089727	3076
r_pp_light_00099.fits	58259	60249.482993078884	2460249.482993079	NaN	NaN	0	1.336349	NaN	-11.5	15	NaN	NaN	10204981.512550073	58259	44.634498991257566	2974
r_pp_light_00100.fits	58049	60249.483248287346	2460249.4832482873	NaN	NaN	0	1.337481	NaN	-11.5	15	NaN	NaN	9422721.806085017	58049	43.602499155690644	2961
r_pp_light_00101.fits	58840	60249.48350359965	2460249.4835035997	NaN	NaN	0	1.338616	NaN	-11.5	15	NaN	NaN	9741930.964239039	58840	42.48979591836735	2940
r_pp_light_00102.fits	58474	60249.483758854214	2460249.483758854	NaN	NaN	0	1.339753	NaN	-11.5	15	NaN	NaN	10097843.163602164	58474	42.97394247038917	2955
r_pp_light_00103.fits	58675	60249.48401471088	2460249.484014711	NaN	NaN	0	1.340896	NaN	-11.5	15	NaN	NaN	9864537.76876946	58675	44.902855267476205	3047
r_pp_light_00104.fits	57980	60249.48426986113	2460249.484269861	NaN	NaN	0	1.341987	NaN	-11.5	15	NaN	NaN	10657844.430488244	57980	45.017514314584034	2969
r_pp_light_00105.fits	58420	60249.484525995795	2460249.484525996	NaN	NaN	0	1.343136	NaN	-11.5	15	NaN	NaN	9833595.661690464	58420	44.02720637027206	3014
r_pp_light_00106.fits	59209	60249.48478144687	2460249.484781447	NaN	NaN	0	1.344284	NaN	-11.5	15	NaN	NaN	10623104.241450632	59209	43.03438113948919	3054
r_pp_light_00107.fits	58221	60249.48503756989	2460249.48503757	NaN	NaN	0	1.345439	NaN	-11.5	15	NaN	NaN	10596965.08601105	58221	42.39767054908486	3005
r_pp_light_00108.fits	58145	60249.48529356485	2460249.485293565	NaN	NaN	0	1.346596	NaN	-11.5	15	NaN	NaN	9663290.437789395	58145	40.826916638768	2987
r_pp_light_00109.fits	57842	60249.4855488427	2460249.4855488427	NaN	NaN	0	1.347753	NaN	-11.5	15	NaN	NaN	8965244.753818415	57842	41.03306613226453	2994
r_pp_light_00110.fits	58348	60249.48580414383	2460249.485804144	NaN	NaN	0	1.348913	NaN	-11.5	15	NaN	NaN	8972947.458083102	58348	42.52120141342756	2830
r_pp_light_00111.fits	58508	60249.48605944449	2460249.4860594445	NaN	NaN	0	1.350078	NaN	-11.5	15	NaN	NaN	8799455.623864401	58508	42.59394334093129	3071
r_pp_light_00112.fits	58583	60249.48631490767	2460249.4863149077	NaN	NaN	0	1.351245	NaN	-11.5	15	NaN	NaN	8917347.222578285	58583	43.01137102014295	3078
r_pp_light_00113.fits	59989	60249.48657015059	2460249.4865701506	NaN	NaN	0	1.352413	NaN	-11.5	15	NaN	NaN	9389280.52206449	59989	43.91469816272966	3048
r_pp_light_00114.fits	58159	60249.48682546336	2460249.4868254634	NaN	NaN	0	1.353585	NaN	-11.5	15	NaN	NaN	9547832.15464624	58159	42.51758460517585	3014
r_pp_light_00115.fits	57875	60249.487080555875	2460249.487080556	NaN	NaN	0	1.354756	NaN	-11.5	15	NaN	NaN	9213430.63577273	57875	42.54512276045123	3014
r_pp_light_00116.fits	59291	60249.487336400896	2460249.487336401	NaN	NaN	0	1.355938	NaN	-11.5	15	NaN	NaN	8914370.754717436	59291	41.109719934102145	3035
r_pp_light_00117.fits	58689	60249.48759237304	2460249.487592373	NaN	NaN	0	1.357065	NaN	-11.5	15	NaN	NaN	9304640.66214853	58689	43.4336485164656	3067
r_pp_light_00118.fits	58147	60249.48784811376	2460249.4878481138	NaN	NaN	0	1.358252	NaN	-11.5	15	NaN	NaN	9371406.694714379	58147	42.97577519379845	3096
r_pp_light_00119.fits	59191	60249.4881034838	2460249.488103484	NaN	NaN	0	1.359436	NaN	-11.5	15	NaN	NaN	9035169.872147696	59191	41.90446690577111	3067
r_pp_light_00120.fits	57947	60249.48835899308	2460249.488358993	NaN	NaN	0	1.360626	NaN	-11.5	15	NaN	NaN	9200252.849677347	57947	41.41012743125419	2982
r_pp_light_00121.fits	58895	60249.48861422483	2460249.488614225	NaN	NaN	0	1.361814	NaN	-11.5	15	NaN	NaN	9189311.077659426	58895	42.32135794330916	3034
r_pp_light_00122.fits	58717	60249.488869514316	2460249.4888695143	NaN	NaN	0	1.363006	NaN	-11.5	15	NaN	NaN	9219020.395019537	58717	43.06950448952444	3007
r_pp_light_00123.fits	58166	60249.489124687854	2460249.489124688	NaN	NaN	0	1.364205	NaN	-11.5	15	NaN	NaN	9276285.19763386	58166	41.92077878482712	2979
r_pp_light_00124.fits	58120	60249.4893800579	2460249.489380058	NaN	NaN	0	1.365404	NaN	-11.5	15	NaN	NaN	9659129.442190845	58120	40.49081189442031	2993
r_pp_light_00125.fits	58354	60249.48963587964	2460249.4896358796	NaN	NaN	0	1.366609	NaN	-11.6	15	NaN	NaN	9384981.625130074	58354	41.566832504145935	3015
r_pp_light_00126.fits	59618	60249.489891909994	2460249.48989191	NaN	NaN	0	1.367821	NaN	-11.6	15	NaN	NaN	9394240.580689777	59618	41.06790728044401	3063
r_pp_light_00127.fits	59399	60249.4901472223	2460249.4901472223	NaN	NaN	0	1.369028	NaN	-11.6	15	NaN	NaN	9114043.593422318	59399	40.02848722986248	3054
r_pp_light_00128.fits	58963	60249.49040339142	2460249.4904033914	NaN	NaN	0	1.370244	NaN	-11.6	15	NaN	NaN	8819883.592566378	58963	41.516582914572865	2985
r_pp_light_00129.fits	58247	60249.49065871537	2460249.4906587154	NaN	NaN	0	1.371459	NaN	-11.6	15	NaN	NaN	8832838.259754028	58247	41.508302270416806	2951
r_pp_light_00130.fits	57576	60249.49091450265	2460249.4909145026	NaN	NaN	0	1.372682	NaN	-11.6	15	NaN	NaN	8870161.548462307	57576	41.56750645994832	3096
r_pp_light_00131.fits	57910	60249.491169687826	2460249.491169688	NaN	NaN	0	1.373845	NaN	-11.6	15	NaN	NaN	9663681.256180737	57910	41.89384920634921	3024
r_pp_light_00132.fits	58741	60249.49142557895	2460249.491425579	NaN	NaN	0	1.375074	NaN	-11.7	15	NaN	NaN	9026022.083865847	58741	40.49226719315564	3039
r_pp_light_00133.fits	59257	60249.49168079905	2460249.491680799	NaN	NaN	0	1.376298	NaN	-11.7	15	NaN	NaN	9299640.067614015	59257	40.84730538922156	3006
r_pp_light_00134.fits	59230	60249.49193666689	2460249.491936667	NaN	NaN	0	1.377533	NaN	-11.7	15	NaN	NaN	8752947.40739757	59230	39.376764030193634	3047
r_pp_light_00135.fits	58568	60249.49219215289	2460249.492192153	NaN	NaN	0	1.378764	NaN	-11.7	15	NaN	NaN	8657834.664714308	58568	38.46926635822869	3026
r_pp_light_00136.fits	58909	60249.49244788196	2460249.492447882	NaN	NaN	0	1.380003	NaN	-11.7	15	NaN	NaN	8529228.571781991	58909	38.211230819458045	3063
r_pp_light_00137.fits	59172	60249.49270310206	2460249.492703102	NaN	NaN	0	1.381244	NaN	-11.7	15	NaN	NaN	7796743.567074062	59172	37.1137487636004	3033
r_pp_light_00138.fits	59296	60249.4929585536	2460249.4929585536	NaN	NaN	0	1.382486	NaN	-11.7	15	NaN	NaN	7464677.218698004	59296	38.64170240844606	3031
r_pp_light_00139.fits	58273	60249.49321454903	2460249.493214549	NaN	NaN	0	1.383734	NaN	-11.7	15	NaN	NaN	7845499.6483522765	58273	36.920365535248045	3064
r_pp_light_00140.fits	59483	60249.49346998846	2460249.4934699885	NaN	NaN	0	1.384983	NaN	-11.7	15	NaN	NaN	7480386.16680681	59483	37.56511627906977	3010
r_pp_light_00141.fits	58743	60249.49372592615	2460249.493725926	NaN	NaN	0	1.386235	NaN	-11.7	15	NaN	NaN	7635841.672121458	58743	34.91397153945666	3092
r_pp_light_00142.fits	57883	60249.49398111133	2460249.4939811113	NaN	NaN	0	1.387488	NaN	-11.7	15	NaN	NaN	7734077.49804182	57883	36.92925938226503	3011
r_pp_light_00143.fits	59464	60249.494236227125	2460249.494236227	NaN	NaN	0	1.388747	NaN	-11.8	15	NaN	NaN	7554408.510573894	59464	35.03353956366004	3071
r_pp_light_00144.fits	59317	60249.4944922342	2460249.494492234	NaN	NaN	0	1.389951	NaN	-11.8	15	NaN	NaN	7675345.502644234	59317	33.43747990999679	3111
r_pp_light_00145.fits	58735	60249.494747407734	2460249.4947474077	NaN	NaN	0	1.391214	NaN	-11.8	15	NaN	NaN	7885119.548759066	58735	37.062167553191486	3008
r_pp_light_00146.fits	58646	60249.4950026162	2460249.495002616	NaN	NaN	0	1.39248	NaN	-11.8	15	NaN	NaN	8069330.904742454	58646	36.69478991596639	2975
r_pp_light_00147.fits	58690	60249.49525775481	2460249.495257755	NaN	NaN	0	1.393748	NaN	-11.8	15	NaN	NaN	8191171.246788549	58690	37.625946657886075	3037
r_pp_light_00148.fits	58608	60249.495513623115	2460249.495513623	NaN	NaN	0	1.395026	NaN	-11.8	15	NaN	NaN	7699252.841258436	58608	37.766515544041454	3088
r_pp_light_00149.fits	57910	60249.495769502595	2460249.4957695026	NaN	NaN	0	1.396305	NaN	-11.8	15	NaN	NaN	7813255.423644085	57910	37.57209148160424	3017
r_pp_light_00150.fits	58909	60249.49602552084	2460249.496025521	NaN	NaN	0	1.397587	NaN	-11.8	15	NaN	NaN	8191669.518239951	58909	36.51587815942968	3086
r_pp_light_00151.fits	58254	60249.496281377506	2460249.4962813775	NaN	NaN	0	1.398875	NaN	-11.8	15	NaN	NaN	7787465.291398691	58254	36.7864406779661	2950
r_pp_light_00152.fits	58842	60249.49653726863	2460249.4965372686	NaN	NaN	0	1.400162	NaN	-11.8	15	NaN	NaN	8119360.084692954	58842	37.68930172966047	3122
r_pp_light_00153.fits	59737	60249.496793530416	2460249.4967935304	NaN	NaN	0	1.401453	NaN	-11.8	15	NaN	NaN	7760582.2420896245	59737	37.52943132690389	3007
r_pp_light_00154.fits	59095	60249.49704885436	2460249.4970488544	NaN	NaN	0	1.402744	NaN	-11.8	15	NaN	NaN	7746758.353348994	59095	36.917089678511	2955
r_pp_light_00155.fits	57814	60249.49730409728	2460249.4973040973	NaN	NaN	0	1.404038	NaN	-11.8	15	NaN	NaN	7945092.149962702	57814	37.92320590207914	2982
r_pp_light_00156.fits	57750	60249.497559410054	2460249.49755941	NaN	NaN	0	1.405336	NaN	-11.8	15	NaN	NaN	7886805.071184121	57750	37.664276401564535	3068
r_pp_light_00157.fits	59708	60249.49781458359	2460249.4978145836	NaN	NaN	0	1.406577	NaN	-11.8	15	NaN	NaN	8129410.1938396245	59708	37.059256886611145	3122
r_pp_light_00158.fits	59100	60249.49807056738	2460249.4980705674	NaN	NaN	0	1.407884	NaN	-11.8	15	NaN	NaN	7914388.972295953	59100	36.87434725848564	3064
r_pp_light_00159.fits	59490	60249.49832584523	2460249.498325845	NaN	NaN	0	1.409191	NaN	-11.8	15	NaN	NaN	8147106.414047869	59490	34.9835324507588	3097
r_pp_light_00160.fits	57747	60249.498581226915	2460249.498581227	NaN	NaN	0	1.410502	NaN	-11.8	15	NaN	NaN	7778105.427652603	57747	37.628246753246756	3080
r_pp_light_00161.fits	58334	60249.49883709522	2460249.498837095	NaN	NaN	0	1.411815	NaN	-11.8	15	NaN	NaN	7767050.3759128675	58334	37.75058275058275	3003
r_pp_light_00162.fits	57812	60249.49909248855	2460249.4990924885	NaN	NaN	0	1.413135	NaN	-11.8	15	NaN	NaN	7560703.187895827	57812	36.004180064308684	3110
r_pp_light_00163.fits	59552	60249.49934774311	2460249.499347743	NaN	NaN	0	1.414455	NaN	-11.8	15	NaN	NaN	7598600.974045536	59552	35.43924936386768	3144
r_pp_light_00164.fits	58880	60249.49960285891	2460249.499602859	NaN	NaN	0	1.415777	NaN	-11.9	15	NaN	NaN	7477796.9014323335	58880	38.00064998375041	3077
r_pp_light_00165.fits	57885	60249.499858148396	2460249.4998581484	NaN	NaN	0	1.417103	NaN	-11.9	15	NaN	NaN	7791627.339036972	57885	37.99898132427844	2945
r_pp_light_00166.fits	57929	60249.500114132185	2460249.500114132	NaN	NaN	0	1.418433	NaN	-11.9	15	NaN	NaN	8391283.277474852	57929	37.99839124839125	3108
r_pp_light_00167.fits	58755	60249.5003695027	2460249.5003695027	NaN	NaN	0	1.419766	NaN	-11.9	15	NaN	NaN	7739948.028995313	58755	38.12137742925332	2933
r_pp_light_00168.fits	58547	60249.500625474844	2460249.500625475	NaN	NaN	0	1.421106	NaN	-11.9	15	NaN	NaN	8234022.047314443	58547	38.93319973279893	2994
r_pp_light_00169.fits	58062	60249.50088089146	2460249.5008808915	NaN	NaN	0	1.422385	NaN	-11.9	15	NaN	NaN	7689849.760929211	58062	37.981824417009605	2916
r_pp_light_00170.fits	58894	60249.501136227045	2460249.501136227	NaN	NaN	0	1.423727	NaN	-11.9	15	NaN	NaN	7830352.386434794	58894	35.67461105594174	3021
r_pp_light_00171.fits	58381	60249.50139150489	2460249.501391505	NaN	NaN	0	1.425073	NaN	-11.9	15	NaN	NaN	8074995.041805005	58381	38.599117447386284	2946
r_pp_light_00172.fits	58857	60249.50164689822	2460249.501646898	NaN	NaN	0	1.426422	NaN	-11.9	15	NaN	NaN	7953917.098536413	58857	38.371841155234655	3047
r_pp_light_00173.fits	59732	60249.501902708784	2460249.501902709	NaN	NaN	0	1.42778	NaN	-11.9	15	NaN	NaN	7432876.582598264	59732	37.30797587131367	2984
r_pp_light_00174.fits	59131	60249.50215856498	2460249.502158565	NaN	NaN	0	1.429136	NaN	-11.9	15	NaN	NaN	7551417.714752936	59131	37.959946595460615	2996
r_pp_light_00175.fits	59719	60249.50241435226	2460249.5024143523	NaN	NaN	0	1.430497	NaN	-11.9	15	NaN	NaN	7289201.182279119	59719	39.45134779750165	3042
r_pp_light_00176.fits	59045	60249.502670150716	2460249.5026701507	NaN	NaN	0	1.431859	NaN	-11.9	15	NaN	NaN	7740200.316547713	59045	36.950394218134036	3044
r_pp_light_00177.fits	58737	60249.502925451845	2460249.502925452	NaN	NaN	0	1.433224	NaN	-11.9	15	NaN	NaN	8075978.622974589	58737	38.502858958068614	3148
r_pp_light_00178.fits	58535	60249.50318075251	2460249.5031807525	NaN	NaN	0	1.434593	NaN	-11.9	15	NaN	NaN	8171809.481595927	58535	39.71308016877637	3081
r_pp_light_00179.fits	59497	60249.50343657425	2460249.5034365742	NaN	NaN	0	1.435971	NaN	-11.9	15	NaN	NaN	7956471.523345185	59497	37.39602993817117	3073
r_pp_light_00180.fits	58767	60249.503691759426	2460249.5036917594	NaN	NaN	0	1.437343	NaN	-11.9	15	NaN	NaN	7801094.16388041	58767	37.36882510013351	2996
r_pp_light_00181.fits	58707	60249.503947106656	2460249.5039471067	NaN	NaN	0	1.438659	NaN	-11.9	15	NaN	NaN	7594395.034868567	58707	39.30592859482476	3053
r_pp_light_00182.fits	58325	60249.50420219917	2460249.504202199	NaN	NaN	0	1.440043	NaN	-11.9	15	NaN	NaN	7746525.692033871	58325	38.594924192485166	3034
r_pp_light_00183.fits	58260	60249.50445761578	2460249.504457616	NaN	NaN	0	1.441429	NaN	-11.9	15	NaN	NaN	7780095.553723517	58260	37.44478632478633	2925
r_pp_light_00184.fits	59469	60249.50471280096	2460249.504712801	NaN	NaN	0	1.442814	NaN	-11.9	15	NaN	NaN	7731156.104995127	59469	36.166666666666664	3210
r_pp_light_00185.fits	58234	60249.50496817147	2460249.5049681715	NaN	NaN	0	1.444207	NaN	-11.9	15	NaN	NaN	7944968.028047027	58234	38.81059129304743	3078
r_pp_light_00186.fits	59055	60249.50522362301	2460249.505223623	NaN	NaN	0	1.445603	NaN	-11.9	15	NaN	NaN	8000588.342271598	59055	39.00196592398427	3052
r_pp_light_00187.fits	58688	60249.50547899306	2460249.505478993	NaN	NaN	0	1.447003	NaN	-11.9	15	NaN	NaN	8027424.069078627	58688	38.52360227653164	2987
r_pp_light_00188.fits	59637	60249.505734919105	2460249.505734919	NaN	NaN	0	1.448412	NaN	-11.9	15	NaN	NaN	8184465.21888128	59637	38.47853368560106	3028
r_pp_light_00189.fits	58436	60249.50599079905	2460249.505990799	NaN	NaN	0	1.449817	NaN	-11.9	15	NaN	NaN	8775891.18145742	58436	38.60209955976973	2953
r_pp_light_00190.fits	58805	60249.50624607643	2460249.5062460764	NaN	NaN	0	1.45123	NaN	-11.9	15	NaN	NaN	8634463.214452261	58805	38.412837837837834	2960
r_pp_light_00191.fits	58544	60249.5065014353	2460249.5065014353	NaN	NaN	0	1.45264	NaN	-11.9	15	NaN	NaN	8123900.466691162	58544	39.513734466971876	3058
r_pp_light_00192.fits	57978	60249.50675695622	2460249.506756956	NaN	NaN	0	1.454057	NaN	-11.9	15	NaN	NaN	8029703.927361504	57978	39.26439790575916	3056
r_pp_light_00193.fits	59003	60249.50701211812	2460249.507012118	NaN	NaN	0	1.455412	NaN	-11.9	15	NaN	NaN	8991234.462764507	59003	37.99452319587629	3104
r_pp_light_00194.fits	58625	60249.507267558016	2460249.507267558	NaN	NaN	0	1.456832	NaN	-11.9	15	NaN	NaN	8494735.375916483	58625	38.044810543657334	3035
r_pp_light_00195.fits	59342	60249.507522743195	2460249.507522743	NaN	NaN	0	1.458261	NaN	-11.9	15	NaN	NaN	8316891.244271823	59342	37.44662454273362	3007
r_pp_light_00196.fits	58468	60249.5077790278	2460249.507779028	NaN	NaN	0	1.459699	NaN	-12	15	NaN	NaN	8050152.994950382	58468	37.819871794871794	3120
r_pp_light_00197.fits	58112	60249.508034618106	2460249.508034618	NaN	NaN	0	1.461131	NaN	-12	15	NaN	NaN	8187634.658626116	58112	38.95987963891675	2991
r_pp_light_00198.fits	57532	60249.508289930876	2460249.508289931	NaN	NaN	0	1.462568	NaN	-12	15	NaN	NaN	8020897.35127288	57532	38.42025234551925	3091
r_pp_light_00199.fits	58374	60249.50854534749	2460249.5085453475	NaN	NaN	0	1.464009	NaN	-12	15	NaN	NaN	8424577.815652218	58374	37.51708428246014	3073
r_pp_light_00200.fits	57140	60249.50880070636	2460249.5088007064	NaN	NaN	0	1.46545	NaN	-12	15	NaN	NaN	8350925.990348403	57140	36.44107512060648	2902
r_pp_light_00201.fits	59152	60249.509056180716	2460249.5090561807	NaN	NaN	0	1.466901	NaN	-12	15	NaN	NaN	8096512.534836893	59152	38.40470742072573	3059
r_pp_light_00202.fits	58584	60249.50931158569	2460249.5093115857	NaN	NaN	0	1.468353	NaN	-12	15	NaN	NaN	8311574.535052049	58584	37.40964250573958	3049
r_pp_light_00203.fits	58439	60249.50956681743	2460249.5095668174	NaN	NaN	0	1.469738	NaN	-12	15	NaN	NaN	8289090.831197672	58439	37.89399869536856	3066
r_pp_light_00204.fits	57776	60249.50982258143	2460249.5098225814	NaN	NaN	0	1.471202	NaN	-12	15	NaN	NaN	8117487.714197626	57776	37.84856483008908	3031
r_pp_light_00205.fits	59485	60249.510078009684	2460249.5100780097	NaN	NaN	0	1.47266	NaN	-12	15	NaN	NaN	7621842.197448289	59485	34.90934844192635	3177
r_pp_light_00206.fits	58959	60249.51033348404	2460249.510333484	NaN	NaN	0	1.474126	NaN	-12	15	NaN	NaN	7726521.145834096	58959	36.035395302679454	3023
r_pp_light_00207.fits	58718	60249.51058967598	2460249.510589676	NaN	NaN	0	1.4756	NaN	-12	15	NaN	NaN	8426530.687963258	58718	36.91335740072202	3047
r_pp_light_00208.fits	57920	60249.510845764074	2460249.510845764	NaN	NaN	0	1.477076	NaN	-12	15	NaN	NaN	8161873.551204526	57920	36.316967267869074	2994
r_pp_light_00209.fits	58173	60249.51110092597	2460249.511100926	NaN	NaN	0	1.478548	NaN	-12	15	NaN	NaN	7866732.475612226	58173	37.64330997664331	2997
r_pp_light_00210.fits	58373	60249.51135643525	2460249.5113564353	NaN	NaN	0	1.480028	NaN	-12	15	NaN	NaN	7938458.207485885	58373	36.87754432042022	3046
r_pp_light_00211.fits	58676	60249.51161168981	2460249.51161169	NaN	NaN	0	1.481511	NaN	-12	15	NaN	NaN	8352053.200961453	58676	37.62112211221122	3030
r_pp_light_00212.fits	58531	60249.511867060326	2460249.5118670603	NaN	NaN	0	1.482998	NaN	-12	15	NaN	NaN	7735157.100136173	58531	37.00590551181102	3048
r_pp_light_00213.fits	60017	60249.51212329883	2460249.512123299	NaN	NaN	0	1.484493	NaN	-12.1	15	NaN	NaN	7835034.327377516	60017	36.03	3100
r_pp_light_00214.fits	58398	60249.51237875037	2460249.5123787504	NaN	NaN	0	1.485988	NaN	-12.1	15	NaN	NaN	7993118.748970851	58398	37.317177711836464	3033
r_pp_light_00215.fits	57541	60249.51263480354	2460249.5126348035	NaN	NaN	0	1.487422	NaN	-12.1	15	NaN	NaN	7596646.593521365	57541	38.83909921671018	3064
r_pp_light_00216.fits	59535	60249.51289019687	2460249.512890197	NaN	NaN	0	1.488924	NaN	-12.1	15	NaN	NaN	7910708.0919981515	59535	38.17031709709055	3059
r_pp_light_00217.fits	58754	60249.51314601861	2460249.5131460186	NaN	NaN	0	1.490427	NaN	-12.1	15	NaN	NaN	7499573.37442378	58754	36.45363489499192	3095
r_pp_light_00218.fits	58661	60249.513401296455	2460249.5134012965	NaN	NaN	0	1.491936	NaN	-12.1	15	NaN	NaN	8009594.174393624	58661	37.535532994923855	3152
r_pp_light_00219.fits	57313	60249.5136566204	2460249.5136566204	NaN	NaN	0	1.493444	NaN	-12.1	15	NaN	NaN	8102756.640140881	57313	37.0519987000325	3077
r_pp_light_00220.fits	57756	60249.51391224563	2460249.5139122456	NaN	NaN	0	1.494965	NaN	-12.1	15	NaN	NaN	8660364.064888662	57756	37.379973907371166	3066
r_pp_light_00221.fits	57873	60249.51416806737	2460249.5141680674	NaN	NaN	0	1.496484	NaN	-12.1	15	NaN	NaN	8367559.555635068	57873	35.50233800935204	2994
r_pp_light_00222.fits	57321	60249.51442413218	2460249.514424132	NaN	NaN	0	1.498011	NaN	-12.1	15	NaN	NaN	7877715.033204828	57321	36.50992515457208	3073
r_pp_light_00223.fits	57570	60249.514679548796	2460249.514679549	NaN	NaN	0	1.499539	NaN	-12.1	15	NaN	NaN	8027290.645184161	57570	36.45752895752896	3108
r_pp_light_00224.fits	57433	60249.514934884384	2460249.5149348844	NaN	NaN	0	1.50107	NaN	-12.1	15	NaN	NaN	8170242.169379167	57433	36.45880026367831	3034
r_pp_light_00225.fits	58029	60249.515190243255	2460249.5151902433	NaN	NaN	0	1.502535	NaN	-12.1	15	NaN	NaN	8058239.931536889	58029	35.80716893461666	3013
r_pp_light_00226.fits	58251	60249.515445706435	2460249.5154457064	NaN	NaN	0	1.504074	NaN	-12.1	15	NaN	NaN	8091581.133300337	58251	36.84812623274162	3042
r_pp_light_00227.fits	59280	60249.51570092607	2460249.515700926	NaN	NaN	0	1.505615	NaN	-12.1	15	NaN	NaN	7714268.927919454	59280	36.32862428523377	2973
r_pp_light_00228.fits	59017	60249.51595648192	2460249.515956482	NaN	NaN	0	1.507162	NaN	-12.1	15	NaN	NaN	7573784.457433802	59017	35.48340315823397	3103
r_pp_light_00229.fits	58833	60249.51621194463	2460249.5162119446	NaN	NaN	0	1.508712	NaN	-12.1	15	NaN	NaN	7397128.557516566	58833	34.784116693679096	3085
r_pp_light_00230.fits	58110	60249.516466724686	2460249.5164667247	NaN	NaN	0	1.510258	NaN	-12.1	15	NaN	NaN	7837226.2350258995	58110	34.47519582245431	3064
r_pp_light_00231.fits	58053	60249.51672195643	2460249.5167219564	NaN	NaN	0	1.511814	NaN	-12.1	15	NaN	NaN	7804674.4894722495	58053	34.03468780971259	3027
r_pp_light_00232.fits	58537	60249.51697726874	2460249.5169772687	NaN	NaN	0	1.513374	NaN	-12.1	15	NaN	NaN	7584699.927121763	58537	35.01853077432164	3022
r_pp_light_00233.fits	58082	60249.51723241899	2460249.517232419	NaN	NaN	0	1.514941	NaN	-12.1	15	NaN	NaN	7453175.486324371	58082	34.287021902582545	3059
r_pp_light_00234.fits	58182	60249.51748787053	2460249.5174878705	NaN	NaN	0	1.51651	NaN	-12.1	15	NaN	NaN	7744258.202928659	58182	34.53734635991176	3173
r_pp_light_00235.fits	58350	60249.51774321776	2460249.5177432178	NaN	NaN	0	1.518008	NaN	-12.2	15	NaN	NaN	7611357.37534143	58350	34.35935935935936	2997
r_pp_light_00236.fits	58807	60249.5179983913	2460249.5179983913	NaN	NaN	0	1.519579	NaN	-12.2	15	NaN	NaN	7847557.633198944	58807	34.41968739607582	3007
r_pp_light_00237.fits	59122	60249.51825376181	2460249.518253762	NaN	NaN	0	1.521162	NaN	-12.2	15	NaN	NaN	7500254.349358338	59122	32.24308865586273	3147
r_pp_light_00238.fits	57999	60249.51850894699	2460249.518508947	NaN	NaN	0	1.522745	NaN	-12.2	15	NaN	NaN	7822726.129528761	57999	35.538288288288285	3108
r_pp_light_00239.fits	57531	60249.51876500016	2460249.518765	NaN	NaN	0	1.524337	NaN	-12.2	15	NaN	NaN	8473364.565795442	57531	35.58522167487685	3045
r_pp_light_00240.fits	58633	60249.519020254724	2460249.5190202547	NaN	NaN	0	1.525927	NaN	-12.2	15	NaN	NaN	7300945.714633803	58633	33.928524156187954	3022
