Label	Saturated	J.D.-2400000	JD_UTC	JD_SOBS	HJD_UTC	BJD_TDB	AIRMASS	ALT_OBJ	CCD-TEMP	EXPTIME	RAOBJ2K	DECOBJ2K	Source-Sky_T1	Peak_T1	Sky/Pixel_T1	N_Sky_Pixels_T1
r_pp_light_00001.fits	58483	60249.58078241907	2460249.580782419	NaN	NaN	0	2.050262	NaN	-13.2	15	NaN	NaN	7121569.021378773	58483	54.55364951227716	2973
r_pp_light_00002.fits	59496	60249.58103774348	2460249.5810377435	NaN	NaN	0	2.053145	NaN	-13.2	15	NaN	NaN	7133883.9724258585	59496	53.99200532978015	3002
r_pp_light_00003.fits	60725	60249.58129305579	2460249.581293056	NaN	NaN	0	2.056048	NaN	-13.2	15	NaN	NaN	7812907.878881792	60725	56.02824858757062	3009
r_pp_light_00004.fits	57415	60249.58154824097	2460249.581548241	NaN	NaN	0	2.058944	NaN	-13.2	15	NaN	NaN	7214374.10855097	57415	54.98920741989882	2965
r_pp_light_00005.fits	63844	60249.58180361148	2460249.5818036115	NaN	NaN	0	2.061862	NaN	-13.2	15	NaN	NaN	6802552.358283762	63844	55.064516129032256	3069
r_pp_light_00006.fits	63357	60249.58205879666	2460249.5820587967	NaN	NaN	0	2.064773	NaN	-13.3	15	NaN	NaN	6652424.355290626	63357	53.595445411922306	2986
r_pp_light_00007.fits	63867	60249.582313750405	2460249.5823137504	NaN	NaN	0	2.067713	NaN	-13.3	15	NaN	NaN	6720213.18737264	63867	54.70931388796818	3017
r_pp_light_00008.fits	0	60249.582568935584	2460249.5825689356	NaN	NaN	0	2.070506	NaN	-13.3	15	NaN	NaN	6728245.324880766	53401	53.06788603587759	2843
r_pp_light_00009.fits	59623	60249.58282427117	2460249.582824271	NaN	NaN	0	2.073441	NaN	-13.3	15	NaN	NaN	6652412.426614956	59623	54.38765350149353	3013
r_pp_light_00010.fits	0	60249.58307964122	2460249.583079641	NaN	NaN	0	2.076407	NaN	-13.3	15	NaN	NaN	6714272.8893011445	54351	54.78963210702341	2990
r_pp_light_00011.fits	61329	60249.58333493071	2460249.5833349307	NaN	NaN	0	2.079356	NaN	-13.3	15	NaN	NaN	7281708.522307462	61329	55.05894448252228	2918
r_pp_light_00012.fits	61675	60249.58359048655	2460249.5835904866	NaN	NaN	0	2.082339	NaN	-13.3	15	NaN	NaN	6763327.382261968	61675	54.91465053763441	2976
r_pp_light_00013.fits	59469	60249.58384570619	2460249.583845706	NaN	NaN	0	2.085303	NaN	-13.3	15	NaN	NaN	6920492.690513037	59469	55.58459468550286	2973
r_pp_light_00014.fits	56289	60249.58410099568	2460249.5841009957	NaN	NaN	0	2.088287	NaN	-13.3	15	NaN	NaN	7295306.802867776	56289	55.58495726495727	2925
r_pp_light_00015.fits	63869	60249.584356273524	2460249.5843562735	NaN	NaN	0	2.091131	NaN	-13.3	15	NaN	NaN	6893508.016888795	63869	56.103266248762786	3031
r_pp_light_00016.fits	61393	60249.584612268955	2460249.584612269	NaN	NaN	0	2.094137	NaN	-13.3	15	NaN	NaN	6406940.204975776	61393	54.05908469945355	2928
r_pp_light_00017.fits	0	60249.584867546335	2460249.5848675463	NaN	NaN	0	2.097143	NaN	-13.3	15	NaN	NaN	7707498.989897343	50669	55.49538145740677	2923
r_pp_light_00018.fits	63006	60249.58512291685	2460249.585122917	NaN	NaN	0	2.100133	NaN	-13.3	15	NaN	NaN	6337288.329922185	63006	54.12079615648593	2914
r_pp_light_00019.fits	64856	60249.58537893556	2460249.5853789356	NaN	NaN	0	2.103151	NaN	-13.3	15	NaN	NaN	5969240.501471343	64856	55.48059904697073	2938
r_pp_light_00020.fits	63102	60249.58563430561	2460249.5856343056	NaN	NaN	0	2.106193	NaN	-13.3	15	NaN	NaN	6571267.829044344	63102	54.45813639432816	2962
r_pp_light_00021.fits	63215	60249.5858890512	2460249.585889051	NaN	NaN	0	2.109211	NaN	-13.3	15	NaN	NaN	6304057.35133826	63215	54.03874959296646	3071
r_pp_light_00022.fits	65265	60249.586144167	2460249.586144167	NaN	NaN	0	2.112116	NaN	-13.4	15	NaN	NaN	6237412.366154279	65265	54.65948855989233	2972
r_pp_light_00023.fits	61164	60249.586399537046	2460249.586399537	NaN	NaN	0	2.115157	NaN	-13.4	15	NaN	NaN	6034414.3722147085	61164	54.842	3000
r_pp_light_00024.fits	64250	60249.58665473387	2460249.586654734	NaN	NaN	0	2.118203	NaN	-13.4	15	NaN	NaN	6387448.474909403	64250	54.5035035035035	2997
r_pp_light_00025.fits	0	60249.586909919046	2460249.586909919	NaN	NaN	0	2.121256	NaN	-13.4	15	NaN	NaN	6580477.269283073	53148	53.579837618403246	2956
r_pp_light_00026.fits	56297	60249.58716504648	2460249.5871650465	NaN	NaN	0	2.124329	NaN	-13.4	15	NaN	NaN	6787110.08840693	56297	55.48310344827586	2900
r_pp_light_00027.fits	64913	60249.5874211113	2460249.5874211113	NaN	NaN	0	2.127408	NaN	-13.4	15	NaN	NaN	6233447.669305558	64913	53.91891891891892	2960
r_pp_light_00028.fits	63342	60249.58767636586	2460249.587676366	NaN	NaN	0	2.130511	NaN	-13.4	15	NaN	NaN	6278129.648339194	63342	56.198957994138716	3071
r_pp_light_00029.fits	64014	60249.587930983864	2460249.587930984	NaN	NaN	0	2.133449	NaN	-13.4	15	NaN	NaN	6289407.547649031	64014	57.097171381031615	3005
r_pp_light_00030.fits	63647	60249.58818696765	2460249.5881869677	NaN	NaN	0	2.136551	NaN	-13.4	15	NaN	NaN	6030452.354070854	63647	55.524820267031835	2921
r_pp_light_00031.fits	64984	60249.58844228042	2460249.5884422804	NaN	NaN	0	2.139678	NaN	-13.4	15	NaN	NaN	6041027.0693938	64984	57.0438892640108	2962
r_pp_light_00032.fits	65313	60249.58869814826	2460249.5886981483	NaN	NaN	0	2.142807	NaN	-13.4	15	NaN	NaN	6003234.907293737	65313	54.347503373819166	2964
r_pp_light_00033.fits	65411	60249.58895334508	2460249.588953345	NaN	NaN	0	2.145923	NaN	-13.4	15	NaN	NaN	6065190.208431809	65411	54.53333333333333	2910
r_pp_light_00034.fits	65210	60249.589209247846	2460249.589209248	NaN	NaN	0	2.149055	NaN	-13.5	15	NaN	NaN	6543692.464191751	65210	56.88588791357191	2962
r_pp_light_00035.fits	64120	60249.58946456062	2460249.5894645606	NaN	NaN	0	2.152201	NaN	-13.5	15	NaN	NaN	6516446.926171391	64120	55.95791245791246	2970
r_pp_light_00036.fits	61546	60249.58972004661	2460249.5897200466	NaN	NaN	0	2.155371	NaN	-13.5	15	NaN	NaN	6974272.258806949	61546	57.5863697705803	2964
r_pp_light_00037.fits	63267	60249.58997584507	2460249.589975845	NaN	NaN	0	2.15837	NaN	-13.5	15	NaN	NaN	7217666.843502316	63267	57.9312242090784	2908
r_pp_light_00038.fits	65535	60249.59023101861	2460249.5902310186	NaN	NaN	0	2.161538	NaN	-13.5	15	NaN	NaN	6454944.282730816	65535	57.118290258449306	3018
r_pp_light_00039.fits	62752	60249.590486308094	2460249.590486308	NaN	NaN	0	2.164702	NaN	-13.5	15	NaN	NaN	6747305.211898912	62752	59.41976980365606	2954
r_pp_light_00040.fits	64598	60249.59074149327	2460249.5907414933	NaN	NaN	0	2.16786	NaN	-13.5	15	NaN	NaN	7608148.277412875	64598	57.81186440677966	2950
r_pp_light_00041.fits	63288	60249.59099675948	2460249.5909967595	NaN	NaN	0	2.17104	NaN	-13.5	15	NaN	NaN	6884655.245336042	63288	56.87177792465301	3026
r_pp_light_00042.fits	63567	60249.59125258122	2460249.591252581	NaN	NaN	0	2.174104	NaN	-13.5	15	NaN	NaN	6616429.236736768	63567	58.6787979966611	2995
r_pp_light_00043.fits	63334	60249.59150783578	2460249.591507836	NaN	NaN	0	2.177313	NaN	-13.5	15	NaN	NaN	6593501.688570838	63334	58.631928310653834	3013
r_pp_light_00044.fits	64021	60249.59176381957	2460249.5917638196	NaN	NaN	0	2.180539	NaN	-13.5	15	NaN	NaN	6915814.509990204	64021	57.050763223287184	2817
r_pp_light_00045.fits	64751	60249.592019062955	2460249.592019063	NaN	NaN	0	2.183738	NaN	-13.5	15	NaN	NaN	6933404.355180431	64751	58.52832097100472	2966
r_pp_light_00046.fits	65535	60249.59227504674	2460249.5922750467	NaN	NaN	0	2.186981	NaN	-13.5	15	NaN	NaN	6997956.177488986	65535	57.12415196743555	2948
r_pp_light_00047.fits	65373	60249.5925301509	2460249.592530151	NaN	NaN	0	2.190207	NaN	-13.5	15	NaN	NaN	6689287.366458029	65373	58.93211752786221	2961
r_pp_light_00048.fits	62438	60249.59278555587	2460249.592785556	NaN	NaN	0	2.193313	NaN	-13.5	15	NaN	NaN	7071783.582557093	62438	58.42336010709505	2988
r_pp_light_00049.fits	62156	60249.59304091474	2460249.5930409147	NaN	NaN	0	2.196559	NaN	-13.5	15	NaN	NaN	6505973.812746028	62156	57.852572559366756	3032
r_pp_light_00050.fits	61411	60249.59329597233	2460249.5932959723	NaN	NaN	0	2.199823	NaN	-13.5	15	NaN	NaN	7000280.043759301	61411	55.439819632327435	2883
r_pp_light_00051.fits	65412	60249.59355209535	2460249.5935520953	NaN	NaN	0	2.203095	NaN	-13.5	15	NaN	NaN	6940146.329883935	65412	58.17243697478992	2975
r_pp_light_00052.fits	64852	60249.59380812524	2460249.5938081252	NaN	NaN	0	2.206373	NaN	-13.5	15	NaN	NaN	6956074.015450023	64852	58.31260561000338	2959
r_pp_light_00053.fits	65535	60249.59406335652	2460249.5940633565	NaN	NaN	0	2.209679	NaN	-13.5	15	NaN	NaN	7115993.904158077	65535	57.48978201634878	2936
r_pp_light_00054.fits	64252	60249.594318796415	2460249.5943187964	NaN	NaN	0	2.212953	NaN	-13.5	15	NaN	NaN	7374990.149075419	64252	59.4588948787062	2968
r_pp_light_00055.fits	61009	60249.59457419021	2460249.59457419	NaN	NaN	0	2.216114	NaN	-13.5	15	NaN	NaN	7201380.108172725	61009	57.91356749311295	2904
r_pp_light_00056.fits	62915	60249.59483006969	2460249.5948300697	NaN	NaN	0	2.219439	NaN	-13.5	15	NaN	NaN	7251714.915125812	62915	58.29694473051837	2913
r_pp_light_00057.fits	63171	60249.5950854402	2460249.59508544	NaN	NaN	0	2.222765	NaN	-13.5	15	NaN	NaN	7533169.056646529	63171	56.747563025210084	2975
r_pp_light_00058.fits	64130	60249.59534081025	2460249.5953408103	NaN	NaN	0	2.2261	NaN	-13.5	15	NaN	NaN	7488411.686175775	64130	61.00990752972259	3028
r_pp_light_00059.fits	63724	60249.595596204046	2460249.595596204	NaN	NaN	0	2.22943	NaN	-13.5	15	NaN	NaN	6952464.833567121	63724	59.506970418225094	2941
r_pp_light_00060.fits	61017	60249.59585214127	2460249.5958521413	NaN	NaN	0	2.232774	NaN	-13.5	15	NaN	NaN	8591080.485404206	61017	60.90549300580007	2931
r_pp_light_00061.fits	64751	60249.596107222605	2460249.5961072226	NaN	NaN	0	2.236132	NaN	-13.5	15	NaN	NaN	8358859.2225814685	64751	60.92602930914166	2866
r_pp_light_00062.fits	62491	60249.59636252327	2460249.5963625233	NaN	NaN	0	2.23947	NaN	-13.5	15	NaN	NaN	8165156.414108777	62491	60.52485627324992	2957
r_pp_light_00063.fits	62182	60249.59661778947	2460249.5966177895	NaN	NaN	0	2.242709	NaN	-13.5	15	NaN	NaN	7371967.741527321	62182	59.94983164983165	2970
r_pp_light_00064.fits	64548	60249.59687390085	2460249.596873901	NaN	NaN	0	2.246075	NaN	-13.5	15	NaN	NaN	7446915.089730841	64548	61.06281156530409	3009
r_pp_light_00065.fits	65112	60249.59712913213	2460249.597129132	NaN	NaN	0	2.249468	NaN	-13.5	15	NaN	NaN	7227967.294744473	65112	60.05439189189189	2960
r_pp_light_00066.fits	65535	60249.5973844449	2460249.597384445	NaN	NaN	0	2.252871	NaN	-13.5	15	NaN	NaN	6969644.002870709	65535	59.06692913385827	3048
r_pp_light_00067.fits	63984	60249.597640255	2460249.597640255	NaN	NaN	0	2.256288	NaN	-13.5	15	NaN	NaN	6957488.002673592	63984	59.50713574510455	3013
r_pp_light_00068.fits	57420	60249.59789542854	2460249.5978954285	NaN	NaN	0	2.259707	NaN	-13.5	15	NaN	NaN	8067806.853962211	57420	59.97011884550085	2945
r_pp_light_00069.fits	62499	60249.59815048613	2460249.598150486	NaN	NaN	0	2.263102	NaN	-13.5	15	NaN	NaN	7767294.179794808	62499	60.59506337558372	2998
r_pp_light_00070.fits	63843	60249.59840556746	2460249.5984055675	NaN	NaN	0	2.266536	NaN	-13.5	15	NaN	NaN	7374725.854562869	63843	59.84757118927973	2985
r_pp_light_00071.fits	61167	60249.59866107674	2460249.5986610767	NaN	NaN	0	2.26983	NaN	-13.5	15	NaN	NaN	7254628.88221109	61167	57.947788493515134	3007
r_pp_light_00072.fits	64217	60249.59891630802	2460249.598916308	NaN	NaN	0	2.273284	NaN	-13.5	15	NaN	NaN	7441498.541015659	64217	60.097273645237294	2971
r_pp_light_00073.fits	59757	60249.59917228017	2460249.59917228	NaN	NaN	0	2.276725	NaN	-13.5	15	NaN	NaN	7779141.012623998	59757	58.98472775564409	3012
r_pp_light_00074.fits	62725	60249.59942759294	2460249.599427593	NaN	NaN	0	2.280213	NaN	-13.5	15	NaN	NaN	7680668.200113375	62725	59.69446391030133	2854
r_pp_light_00075.fits	61743	60249.59968353016	2460249.59968353	NaN	NaN	0	2.283703	NaN	-13.5	15	NaN	NaN	7404960.590859267	61743	59.91086812458582	3018
r_pp_light_00076.fits	61914	60249.59993944457	2460249.5999394446	NaN	NaN	0	2.287186	NaN	-13.5	15	NaN	NaN	7210031.995869701	61914	58.42368421052632	3040
r_pp_light_00077.fits	60500	60249.60019546328	2460249.6001954633	NaN	NaN	0	2.290711	NaN	-13.5	15	NaN	NaN	7663737.180171878	60500	60.08091498805053	2929
r_pp_light_00078.fits	63125	60249.60045133112	2460249.600451331	NaN	NaN	0	2.294211	NaN	-13.5	15	NaN	NaN	7959533.219832039	63125	60.35383575532274	2959
r_pp_light_00079.fits	63806	60249.60070722224	2460249.6007072222	NaN	NaN	0	2.297561	NaN	-13.5	15	NaN	NaN	7364663.156040684	63806	61.45272969374168	3004
r_pp_light_00080.fits	64173	60249.600962430704	2460249.6009624307	NaN	NaN	0	2.301086	NaN	-13.5	15	NaN	NaN	7341732.364794475	64173	60.0362889421431	2921
r_pp_light_00081.fits	57687	60249.601217835676	2460249.6012178357	NaN	NaN	0	2.304622	NaN	-13.5	15	NaN	NaN	7388666.259256865	57687	58.817460317460316	2898
r_pp_light_00082.fits	56872	60249.60147288209	2460249.601472882	NaN	NaN	0	2.308162	NaN	-13.5	15	NaN	NaN	7950784.969735111	56872	62.44470122152526	3029
r_pp_light_00083.fits	59544	60249.6017282987	2460249.6017282987	NaN	NaN	0	2.311701	NaN	-13.5	15	NaN	NaN	8175724.723063851	59544	60.13838988689288	3006
r_pp_light_00084.fits	0	60249.601983680855	2460249.601983681	NaN	NaN	0	2.315103	NaN	-13.5	15	NaN	NaN	8450626.110327758	53962	61.9026936026936	2970
r_pp_light_00085.fits	59576	60249.60223962972	2460249.6022396297	NaN	NaN	0	2.318651	NaN	-13.5	15	NaN	NaN	8299815.116838139	59576	62.16431616923582	3049
r_pp_light_00086.fits	62957	60249.602494895924	2460249.602494896	NaN	NaN	0	2.322214	NaN	-13.5	15	NaN	NaN	7820613.294705222	62957	63.780255821580845	3049
r_pp_light_00087.fits	63065	60249.602750046644	2460249.6027500466	NaN	NaN	0	2.325834	NaN	-13.5	15	NaN	NaN	7408442.528737561	63065	62.059736753290586	2963
r_pp_light_00088.fits	60409	60249.60300550936	2460249.6030055094	NaN	NaN	0	2.329418	NaN	-13.6	15	NaN	NaN	7440459.409230745	60409	61.532147742818054	2924
r_pp_light_00089.fits	58336	60249.60326067172	2460249.6032606717	NaN	NaN	0	2.33299	NaN	-13.6	15	NaN	NaN	7858036.175088946	58336	61.00947225981056	2956
r_pp_light_00090.fits	56905	60249.60351579869	2460249.6035157987	NaN	NaN	0	2.336587	NaN	-13.6	15	NaN	NaN	8302668.763079162	56905	62.09336941813261	2956
r_pp_light_00091.fits	58469	60249.60377120413	2460249.603771204	NaN	NaN	0	2.340231	NaN	-13.6	15	NaN	NaN	8442037.097600684	58469	61.78800134816313	2967
r_pp_light_00092.fits	64961	60249.604026574176	2460249.604026574	NaN	NaN	0	2.343687	NaN	-13.6	15	NaN	NaN	8054134.601811166	64961	62.50893997445721	3132
r_pp_light_00093.fits	57959	60249.604282557964	2460249.604282558	NaN	NaN	0	2.347323	NaN	-13.6	15	NaN	NaN	8159513.606049177	57959	62.87454725057623	3037
r_pp_light_00094.fits	57611	60249.60453783581	2460249.604537836	NaN	NaN	0	2.350976	NaN	-13.6	15	NaN	NaN	8237078.091528428	57611	61.040549597855225	2984
r_pp_light_00095.fits	57506	60249.604793264065	2460249.604793264	NaN	NaN	0	2.354624	NaN	-13.6	15	NaN	NaN	8231916.087488942	57506	59.995995995996	2997
r_pp_light_00096.fits	64054	60249.605048090685	2460249.6050480907	NaN	NaN	0	2.35829	NaN	-13.6	15	NaN	NaN	7809047.93925531	64054	60.53959044368601	2930
r_pp_light_00097.fits	63643	60249.605303530116	2460249.60530353	NaN	NaN	0	2.361956	NaN	-13.6	15	NaN	NaN	7637143.49852845	63643	60.99332443257677	2996
r_pp_light_00098.fits	62458	60249.6055587735	2460249.6055587735	NaN	NaN	0	2.365629	NaN	-13.6	15	NaN	NaN	7509120.002210463	62458	59.28698811096433	3028
r_pp_light_00099.fits	55915	60249.605814132374	2460249.6058141324	NaN	NaN	0	2.369312	NaN	-13.6	15	NaN	NaN	7656469.329400441	55915	59.85239852398524	2981
r_pp_light_00100.fits	64182	60249.606069733854	2460249.606069734	NaN	NaN	0	2.372859	NaN	-13.6	15	NaN	NaN	7641378.991959054	64182	63.491610738255034	2980
r_pp_light_00101.fits	63708	60249.60632564826	2460249.6063256483	NaN	NaN	0	2.37657	NaN	-13.6	15	NaN	NaN	7389315.847294465	63708	60.42909576242909	2997
r_pp_light_00102.fits	65535	60249.60658121528	2460249.6065812153	NaN	NaN	0	2.380285	NaN	-13.6	15	NaN	NaN	7208735.223163056	65535	59.99550794747754	2894
r_pp_light_00103.fits	61084	60249.60683603026	2460249.6068360303	NaN	NaN	0	2.384015	NaN	-13.6	15	NaN	NaN	7729657.619745574	61084	62.07442172309755	2983
r_pp_light_00104.fits	62413	60249.6070911577	2460249.6070911577	NaN	NaN	0	2.387743	NaN	-13.6	15	NaN	NaN	8155189.619283823	62413	63.02007239223429	3039
r_pp_light_00105.fits	57494	60249.60734648164	2460249.6073464816	NaN	NaN	0	2.391465	NaN	-13.6	15	NaN	NaN	8318491.444445311	57494	61.918104906937394	2955
r_pp_light_00106.fits	0	60249.6076015858	2460249.607601586	NaN	NaN	0	2.395041	NaN	-13.6	15	NaN	NaN	9261457.666350339	51404	61.51007387508395	2978
r_pp_light_00107.fits	56633	60249.6078565279	2460249.607856528	NaN	NaN	0	2.398793	NaN	-13.6	15	NaN	NaN	9032443.878003651	56633	61.337286362050925	2867
r_pp_light_00108.fits	55646	60249.60811165534	2460249.6081116553	NaN	NaN	0	2.402577	NaN	-13.6	15	NaN	NaN	8342555.393924011	55646	60.68945176960444	2882
r_pp_light_00109.fits	57477	60249.608367129695	2460249.6083671297	NaN	NaN	0	2.406356	NaN	-13.7	15	NaN	NaN	8387873.786959072	57477	60.15567010309278	2910
r_pp_light_00110.fits	59566	60249.60862317169	2460249.6086231717	NaN	NaN	0	2.410172	NaN	-13.7	15	NaN	NaN	8083049.64457167	59566	60.02627986348123	2930
r_pp_light_00111.fits	0	60249.60887872707	2460249.608878727	NaN	NaN	0	2.413972	NaN	-13.7	15	NaN	NaN	8642911.392126469	53804	60.5394963780614	2899
r_pp_light_00112.fits	0	60249.609134745784	2460249.609134746	NaN	NaN	0	2.417616	NaN	-13.7	15	NaN	NaN	8417063.920923956	51787	59.41013671223741	2999
r_pp_light_00113.fits	0	60249.609390255064	2460249.609390255	NaN	NaN	0	2.421454	NaN	-13.7	15	NaN	NaN	8106819.244674692	54459	59.41344537815126	2975
r_pp_light_00114.fits	0	60249.609645660035	2460249.60964566	NaN	NaN	0	2.425262	NaN	-13.7	15	NaN	NaN	8499035.276255978	54927	63.46979645436638	3046
r_pp_light_00115.fits	0	60249.60990103055	2460249.6099010305	NaN	NaN	0	2.429135	NaN	-13.7	15	NaN	NaN	8581216.370621325	54286	62.561184210526314	3040
r_pp_light_00116.fits	0	60249.61015643552	2460249.6101564355	NaN	NaN	0	2.433	NaN	-13.7	15	NaN	NaN	8089090.67886751	53119	61.07881944444444	2880
r_pp_light_00117.fits	57429	60249.610412037466	2460249.6104120375	NaN	NaN	0	2.436859	NaN	-13.7	15	NaN	NaN	7890622.82061649	57429	59.663908996897625	2901
r_pp_light_00118.fits	60401	60249.61066736141	2460249.6106673614	NaN	NaN	0	2.440724	NaN	-13.7	15	NaN	NaN	7866870.804516166	60401	58.465315934065934	2912
r_pp_light_00119.fits	0	60249.610922778025	2460249.610922778	NaN	NaN	0	2.444619	NaN	-13.7	15	NaN	NaN	7786359.467476641	54676	59.882294429708224	3016
r_pp_light_00120.fits	0	60249.61117825238	2460249.6111782524	NaN	NaN	0	2.44833	NaN	-13.7	15	NaN	NaN	8605246.68449757	51352	58.498613998614	2886
r_pp_light_00121.fits	0	60249.61143417843	2460249.6114341784	NaN	NaN	0	2.452214	NaN	-13.7	15	NaN	NaN	8383426.332220255	50961	61.29851729818781	3035
r_pp_light_00122.fits	61317	60249.611690324266	2460249.6116903243	NaN	NaN	0	2.45615	NaN	-13.7	15	NaN	NaN	7211524.237854573	61317	58.08118206521739	2944
r_pp_light_00123.fits	59924	60249.61194563657	2460249.6119456366	NaN	NaN	0	2.460083	NaN	-13.7	15	NaN	NaN	7790875.194461425	59924	60.89422135161606	3063
r_pp_light_00124.fits	55462	60249.6122015859	2460249.612201586	NaN	NaN	0	2.464016	NaN	-13.7	15	NaN	NaN	7709646.0431648055	55462	61.56403269754768	2936
r_pp_light_00125.fits	56046	60249.612456574105	2460249.612456574	NaN	NaN	0	2.467945	NaN	-13.7	15	NaN	NaN	8739544.65149683	56046	61.542172856647	2881
r_pp_light_00126.fits	0	60249.61271260446	2460249.6127126045	NaN	NaN	0	2.471741	NaN	-13.7	15	NaN	NaN	8382081.2942871805	53743	61.986486486486484	3034
r_pp_light_00127.fits	0	60249.61296783574	2460249.6129678357	NaN	NaN	0	2.475713	NaN	-13.7	15	NaN	NaN	8415231.106780022	54332	59.969325153374236	2934
r_pp_light_00128.fits	0	60249.613223113585	2460249.6132231136	NaN	NaN	0	2.479676	NaN	-13.7	15	NaN	NaN	8961191.24892551	53044	61.45498953244941	2866
r_pp_light_00129.fits	0	60249.61347907409	2460249.613479074	NaN	NaN	0	2.48366	NaN	-13.7	15	NaN	NaN	8269191.822696404	53493	61.5317978686834	2909
r_pp_light_00130.fits	60860	60249.613733935636	2460249.6137339356	NaN	NaN	0	2.487676	NaN	-13.7	15	NaN	NaN	8201469.295516973	60860	61.907939767282684	2922
r_pp_light_00131.fits	56064	60249.61398903979	2460249.61398904	NaN	NaN	0	2.491647	NaN	-13.7	15	NaN	NaN	8541279.694011271	56064	63.53810003356831	2979
r_pp_light_00132.fits	0	60249.6142444564	2460249.6142444564	NaN	NaN	0	2.495653	NaN	-13.7	15	NaN	NaN	8398732.013354657	54120	63.08009383378016	2984
r_pp_light_00133.fits	55866	60249.61449973425	2460249.6144997342	NaN	NaN	0	2.499506	NaN	-13.7	15	NaN	NaN	8421429.100108095	55866	61.04431216931217	3024
r_pp_light_00134.fits	60195	60249.61475513922	2460249.614755139	NaN	NaN	0	2.503531	NaN	-13.7	15	NaN	NaN	8306454.1605005935	60195	61.12294255962378	2977
r_pp_light_00135.fits	55628	60249.615010601934	2460249.615010602	NaN	NaN	0	2.507588	NaN	-13.7	15	NaN	NaN	8422514.359107515	55628	62.43927125506073	2964
r_pp_light_00136.fits	57302	60249.61526667839	2460249.6152666784	NaN	NaN	0	2.511646	NaN	-13.7	15	NaN	NaN	8752667.97330772	57302	64.04058167061211	2957
r_pp_light_00137.fits	60867	60249.61552187521	2460249.615521875	NaN	NaN	0	2.515698	NaN	-13.7	15	NaN	NaN	8002925.159464133	60867	63.11508072827207	2911
r_pp_light_00138.fits	58353	60249.61577723408	2460249.615777234	NaN	NaN	0	2.519765	NaN	-13.7	15	NaN	NaN	8713626.20578407	58353	63.52690355329949	2955
r_pp_light_00139.fits	0	60249.61603320623	2460249.616033206	NaN	NaN	0	2.523851	NaN	-13.8	15	NaN	NaN	9129728.12879587	47415	65.38930551027062	3067
r_pp_light_00140.fits	58062	60249.616289143916	2460249.616289144	NaN	NaN	0	2.527783	NaN	-13.8	15	NaN	NaN	9066234.250177495	58062	63.14944086750254	2951
r_pp_light_00141.fits	55394	60249.616545139346	2460249.6165451393	NaN	NaN	0	2.531891	NaN	-13.8	15	NaN	NaN	7676161.90322606	55394	61.42634146341464	3075
r_pp_light_00142.fits	58203	60249.61680042837	2460249.6168004284	NaN	NaN	0	2.536018	NaN	-13.8	15	NaN	NaN	7682941.417217738	58203	61.11994322214336	2818
r_pp_light_00143.fits	0	60249.61705557909	2460249.617055579	NaN	NaN	0	2.540111	NaN	-13.8	15	NaN	NaN	8200611.619403983	54516	61.95197835644234	2957
r_pp_light_00144.fits	0	60249.61731070606	2460249.617310706	NaN	NaN	0	2.544257	NaN	-13.8	15	NaN	NaN	8663772.436106987	50297	62.142904841402334	2995
r_pp_light_00145.fits	0	60249.6175661115	2460249.6175661115	NaN	NaN	0	2.548376	NaN	-13.8	15	NaN	NaN	8676075.092982002	52797	62.0134066689584	2909
r_pp_light_00146.fits	55339	60249.61782138934	2460249.6178213893	NaN	NaN	0	2.552546	NaN	-13.8	15	NaN	NaN	9037779.780604148	55339	61.01018675721562	2945
r_pp_light_00147.fits	0	60249.618076944724	2460249.6180769447	NaN	NaN	0	2.556542	NaN	-13.8	15	NaN	NaN	9171493.1694282	53429	61.4316169235815	3049
r_pp_light_00148.fits	55608	60249.618333148304	2460249.6183331483	NaN	NaN	0	2.560726	NaN	-13.8	15	NaN	NaN	9287329.752674794	55608	58.467441860465115	3010
r_pp_light_00149.fits	0	60249.618589027785	2460249.618589028	NaN	NaN	0	2.564916	NaN	-13.8	15	NaN	NaN	8738893.742351184	49727	59.99356368563686	2952
r_pp_light_00150.fits	0	60249.61884495383	2460249.618844954	NaN	NaN	0	2.569138	NaN	-13.8	15	NaN	NaN	8955305.439240582	54511	60.584	2875
r_pp_light_00151.fits	0	60249.61910024332	2460249.6191002433	NaN	NaN	0	2.573361	NaN	-13.8	15	NaN	NaN	8886345.44944782	50221	59.00476190476191	2940
r_pp_light_00152.fits	0	60249.61935622711	2460249.619356227	NaN	NaN	0	2.577584	NaN	-13.8	15	NaN	NaN	8258704.307473159	50861	59.61317157712305	2885
r_pp_light_00153.fits	0	60249.61961145839	2460249.6196114584	NaN	NaN	0	2.58185	NaN	-13.8	15	NaN	NaN	7739483.30238377	54884	59.61508067171551	3037
r_pp_light_00154.fits	0	60249.61986672459	2460249.6198667246	NaN	NaN	0	2.586083	NaN	-13.8	15	NaN	NaN	7710917.277401441	53346	59.36938154782021	2959
r_pp_light_00155.fits	0	60249.62012222223	2460249.620122222	NaN	NaN	0	2.59014	NaN	-13.8	15	NaN	NaN	7930619.041747208	54991	60.470489604292425	2982
r_pp_light_00156.fits	0	60249.62037752336	2460249.6203775234	NaN	NaN	0	2.594394	NaN	-13.8	15	NaN	NaN	7890255.176097997	52364	62.09713322091062	2965
r_pp_light_00157.fits	0	60249.620633321814	2460249.620633322	NaN	NaN	0	2.598668	NaN	-13.8	15	NaN	NaN	7805967.500461972	51026	62.857142857142854	2898
r_pp_light_00158.fits	0	60249.620888484176	2460249.620888484	NaN	NaN	0	2.602942	NaN	-13.8	15	NaN	NaN	8437203.020225672	50540	59.938816449348046	2991
r_pp_light_00159.fits	0	60249.62114359997	2460249.6211436	NaN	NaN	0	2.607227	NaN	-13.8	15	NaN	NaN	8802941.763204746	50164	63.375947281713344	3035
r_pp_light_00160.fits	55391	60249.621398900636	2460249.6213989006	NaN	NaN	0	2.611548	NaN	-13.8	15	NaN	NaN	8162754.299178355	55391	61.153793807417486	2939
r_pp_light_00161.fits	0	60249.62165495381	2460249.621654954	NaN	NaN	0	2.615697	NaN	-13.8	15	NaN	NaN	8895581.532099755	49757	63.02908353060534	2957
r_pp_light_00162.fits	0	60249.62191009289	2460249.621910093	NaN	NaN	0	2.619992	NaN	-13.8	15	NaN	NaN	9205308.284188608	48058	62.88523466940733	2919
r_pp_light_00163.fits	0	60249.622165764216	2460249.622165764	NaN	NaN	0	2.624306	NaN	-13.8	15	NaN	NaN	8174229.046349637	50169	61.50590551181102	3048
r_pp_light_00164.fits	0	60249.622421910055	2460249.62242191	NaN	NaN	0	2.628708	NaN	-13.8	15	NaN	NaN	8422311.317354009	54817	61.372581721147434	2998
r_pp_light_00165.fits	0	60249.62267733831	2460249.6226773383	NaN	NaN	0	2.633018	NaN	-13.8	15	NaN	NaN	9181211.215080284	47178	62.098419540229884	2784
r_pp_light_00166.fits	0	60249.62293340312	2460249.622933403	NaN	NaN	0	2.63722	NaN	-13.8	15	NaN	NaN	8785010.522720573	53993	62.367846510089315	3023
r_pp_light_00167.fits	0	60249.62318898179	2460249.623188982	NaN	NaN	0	2.641623	NaN	-13.8	15	NaN	NaN	7811060.084109909	51640	60.98686426406197	2969
r_pp_light_00168.fits	57483	60249.62344413204	2460249.623444132	NaN	NaN	0	2.646053	NaN	-13.8	15	NaN	NaN	7451706.749014677	57483	60.52126941255908	2962
r_pp_light_00169.fits	0	60249.623699514195	2460249.623699514	NaN	NaN	0	2.650428	NaN	-13.8	15	NaN	NaN	7940979.88043974	51884	59.5844718427191	3001
r_pp_light_00170.fits	0	60249.62395461835	2460249.6239546183	NaN	NaN	0	2.65488	NaN	-13.8	15	NaN	NaN	7060916.816842144	51845	62.97349643221203	2943
r_pp_light_00171.fits	58800	60249.62421013927	2460249.6242101393	NaN	NaN	0	2.659303	NaN	-13.8	15	NaN	NaN	7510482.117546966	58800	64.91020543406229	3018
r_pp_light_00172.fits	0	60249.624466215726	2460249.6244662157	NaN	NaN	0	2.663747	NaN	-13.8	15	NaN	NaN	8222230.983194991	53349	63.832013769363165	2905
r_pp_light_00173.fits	0	60249.62472234992	2460249.62472235	NaN	NaN	0	2.668203	NaN	-13.8	15	NaN	NaN	8748222.91339208	52509	68.57618733509234	3032
r_pp_light_00174.fits	0	60249.624977604486	2460249.6249776045	NaN	NaN	0	2.672455	NaN	-13.8	15	NaN	NaN	8452055.444384903	53400	62.575263336731226	2943
r_pp_light_00175.fits	0	60249.625233599916	2460249.6252336	NaN	NaN	0	2.676931	NaN	-13.8	15	NaN	NaN	8131882.83368214	49639	60.947279486312944	2959
r_pp_light_00176.fits	0	60249.62548950268	2460249.6254895027	NaN	NaN	0	2.681417	NaN	-13.8	15	NaN	NaN	8330662.015320488	53431	63.458190541466756	2918
r_pp_light_00177.fits	0	60249.6257454399	2460249.62574544	NaN	NaN	0	2.685939	NaN	-13.8	15	NaN	NaN	8536698.700410757	48761	64.03073286052009	2961
r_pp_light_00178.fits	0	60249.62600174779	2460249.626001748	NaN	NaN	0	2.690407	NaN	-13.8	15	NaN	NaN	8218338.428729147	50791	64.04442948502188	2971
r_pp_light_00179.fits	0	60249.62625723425	2460249.6262572343	NaN	NaN	0	2.694944	NaN	-13.8	15	NaN	NaN	9222620.319577202	50352	65.12533068783068	3024
r_pp_light_00180.fits	0	60249.626512650866	2460249.626512651	NaN	NaN	0	2.699263	NaN	-13.8	15	NaN	NaN	8721873.80534748	50239	63.16189811584089	2866
r_pp_light_00181.fits	0	60249.626768322196	2460249.626768322	NaN	NaN	0	2.703777	NaN	-13.8	15	NaN	NaN	9031509.253419375	51292	63.9916163648558	2982
r_pp_light_00182.fits	0	60249.62702379655	2460249.6270237966	NaN	NaN	0	2.708348	NaN	-13.8	15	NaN	NaN	8625184.572282856	51805	64.46008119079838	2956
r_pp_light_00183.fits	0	60249.627279815264	2460249.6272798153	NaN	NaN	0	2.712917	NaN	-13.8	15	NaN	NaN	9226413.381585428	49218	64.99111718483088	2927
r_pp_light_00184.fits	0	60249.62753501162	2460249.6275350116	NaN	NaN	0	2.717481	NaN	-13.8	15	NaN	NaN	10060425.834030638	48222	66.05864302761677	2933
r_pp_light_00185.fits	0	60249.6277901046	2460249.6277901046	NaN	NaN	0	2.722081	NaN	-13.8	15	NaN	NaN	8239663.3767391825	54440	63.38934993084371	2892
r_pp_light_00186.fits	0	60249.62804565998	2460249.62804566	NaN	NaN	0	2.726675	NaN	-13.8	15	NaN	NaN	7997887.928481701	54543	63.2969989651604	2899
r_pp_light_00187.fits	59695	60249.62830116926	2460249.6283011693	NaN	NaN	0	2.731098	NaN	-13.8	15	NaN	NaN	8025696.097181241	59695	63.93816844919786	2992
r_pp_light_00188.fits	56185	60249.62855723407	2460249.628557234	NaN	NaN	0	2.735699	NaN	-13.8	15	NaN	NaN	7993262.75352296	56185	64.49135300101729	2949
r_pp_light_00189.fits	0	60249.62881274335	2460249.6288127434	NaN	NaN	0	2.740327	NaN	-13.9	15	NaN	NaN	7892758.261370813	49843	63.32250341997264	2924
r_pp_light_00190.fits	56404	60249.62906797463	2460249.6290679746	NaN	NaN	0	2.744988	NaN	-13.9	15	NaN	NaN	8323829.018258937	56404	64.54237867395761	2926
r_pp_light_00191.fits	57315	60249.62932348391	2460249.629323484	NaN	NaN	0	2.749613	NaN	-13.9	15	NaN	NaN	8031987.612308647	57315	61.77162977867203	2982
r_pp_light_00192.fits	56993	60249.62957880832	2460249.6295788083	NaN	NaN	0	2.754325	NaN	-13.9	15	NaN	NaN	8695933.44711706	56993	62.99565943238731	2995
r_pp_light_00193.fits	61706	60249.62983401632	2460249.6298340163	NaN	NaN	0	2.758996	NaN	-13.9	15	NaN	NaN	7982616.070521946	61706	64.07788778877888	3030
r_pp_light_00194.fits	0	60249.63008983806	2460249.630089838	NaN	NaN	0	2.763476	NaN	-13.9	15	NaN	NaN	8451823.442544568	48895	63.89161554192229	2934
r_pp_light_00195.fits	0	60249.630345173646	2460249.6303451736	NaN	NaN	0	2.768198	NaN	-13.9	15	NaN	NaN	8235768.750379048	51367	62.054993252361676	2964
r_pp_light_00196.fits	0	60249.63060037047	2460249.6306003705	NaN	NaN	0	2.772929	NaN	-13.9	15	NaN	NaN	8311011.632997687	50543	62.40092317837125	3033
r_pp_light_00197.fits	0	60249.63085575262	2460249.6308557526	NaN	NaN	0	2.777649	NaN	-13.9	15	NaN	NaN	8209290.838853483	51398	63.076973468719295	3053
r_pp_light_00198.fits	0	60249.63111131964	2460249.6311113196	NaN	NaN	0	2.782385	NaN	-13.9	15	NaN	NaN	8687830.639663428	52869	62.38603066439523	2935
r_pp_light_00199.fits	0	60249.63136644708	2460249.631366447	NaN	NaN	0	2.787097	NaN	-13.9	15	NaN	NaN	9462980.416724222	53452	64.49781512605043	2975
r_pp_light_00200.fits	0	60249.63162181713	2460249.631621817	NaN	NaN	0	2.791665	NaN	-13.9	15	NaN	NaN	8377128.452831706	52880	65.55517826825127	2945
r_pp_light_00201.fits	0	60249.63187766215	2460249.631877662	NaN	NaN	0	2.796468	NaN	-13.9	15	NaN	NaN	7904042.562867136	49698	63.496981891348085	2982
r_pp_light_00202.fits	0	60249.632132835686	2460249.6321328357	NaN	NaN	0	2.801271	NaN	-13.9	15	NaN	NaN	8083948.467484946	53733	62.549727520435965	2936
r_pp_light_00203.fits	0	60249.63238831051	2460249.6323883105	NaN	NaN	0	2.80601	NaN	-13.9	15	NaN	NaN	8173481.120149349	52520	62.11830889873849	2933
r_pp_light_00204.fits	55714	60249.63264372712	2460249.632643727	NaN	NaN	0	2.810869	NaN	-13.9	15	NaN	NaN	7285739.509086925	55714	60.38248077566031	2991
r_pp_light_00205.fits	61048	60249.63289885456	2460249.6328988546	NaN	NaN	0	2.815681	NaN	-13.9	15	NaN	NaN	7216255.016072883	61048	61.48664886515354	2996
r_pp_light_00206.fits	60177	60249.63315421296	2460249.633154213	NaN	NaN	0	2.820508	NaN	-13.9	15	NaN	NaN	6891823.382389104	60177	61.65361242403781	2962
r_pp_light_00207.fits	57367	60249.63340944471	2460249.6334094447	NaN	NaN	0	2.825127	NaN	-13.9	15	NaN	NaN	7615304.678140435	57367	62.376695652173915	2875
r_pp_light_00208.fits	58874	60249.63366486132	2460249.6336648613	NaN	NaN	0	2.829924	NaN	-13.9	15	NaN	NaN	8125671.352590865	58874	63.282667569397425	2954
r_pp_light_00209.fits	56514	60249.63392022019	2460249.63392022	NaN	NaN	0	2.834788	NaN	-13.9	15	NaN	NaN	7631925.829876694	56514	61.67599309153713	2895
r_pp_light_00210.fits	0	60249.63417550968	2460249.6341755097	NaN	NaN	0	2.839662	NaN	-13.9	15	NaN	NaN	7989717.772181446	53202	64.46773120425814	3006
r_pp_light_00211.fits	63975	60249.63443171326	2460249.6344317133	NaN	NaN	0	2.844566	NaN	-13.9	15	NaN	NaN	7414483.56928138	63975	63.3221589004358	2983
r_pp_light_00212.fits	0	60249.634686851874	2460249.634686852	NaN	NaN	0	2.84949	NaN	-13.8	15	NaN	NaN	8139939.122551129	51860	61.90948563794255	2994
r_pp_light_00213.fits	57292	60249.634942326695	2460249.6349423267	NaN	NaN	0	2.854405	NaN	-13.9	15	NaN	NaN	8230512.909143505	57292	63.9158719346049	2936
r_pp_light_00214.fits	55548	60249.63519765064	2460249.6351976506	NaN	NaN	0	2.859078	NaN	-13.8	15	NaN	NaN	8079401.236230317	55548	64.87299419597132	2929
r_pp_light_00215.fits	60305	60249.635453124996	2460249.635453125	NaN	NaN	0	2.864046	NaN	-13.8	15	NaN	NaN	7917684.750286908	60305	62.93102299233589	3001
r_pp_light_00216.fits	56188	60249.63570853043	2460249.6357085304	NaN	NaN	0	2.868996	NaN	-13.9	15	NaN	NaN	7975885.893623481	56188	63.043971143936794	2911
r_pp_light_00217.fits	61431	60249.63596386602	2460249.635963866	NaN	NaN	0	2.873958	NaN	-13.8	15	NaN	NaN	7815408.867699232	61431	64.04839255499154	2955
r_pp_light_00218.fits	57528	60249.63621922489	2460249.636219225	NaN	NaN	0	2.878932	NaN	-13.8	15	NaN	NaN	7910242.813675609	57528	65.58291288261016	2973
r_pp_light_00219.fits	59611	60249.63647520868	2460249.6364752087	NaN	NaN	0	2.883931	NaN	-13.8	15	NaN	NaN	7795047.594110248	59611	63.97163611207195	2891
