Label	Saturated	J.D.-2400000	JD_UTC	JD_SOBS	HJD_UTC	BJD_TDB	AIRMASS	ALT_OBJ	CCD-TEMP	EXPTIME	RAOBJ2K	DECOBJ2K	Source-Sky_T1	Peak_T1	Sky/Pixel_T1	N_Sky_Pixels_T1
r_pp_light_00001.fits	59148	60249.51938148169	2460249.5193814817	NaN	NaN	0	1.528498	NaN	-12.2	15	NaN	NaN	6656617.303871022	59148	40.62391222096103	2643
r_pp_light_00002.fits	62572	60249.51963636605	2460249.519636366	NaN	NaN	0	1.530095	NaN	-12.2	15	NaN	NaN	6222890.067215474	62572	41.362536503963284	2397
r_pp_light_00003.fits	64031	60249.51989180595	2460249.519891806	NaN	NaN	0	1.531695	NaN	-12.2	15	NaN	NaN	6100688.591648226	64031	42.5625	2496
r_pp_light_00004.fits	64047	60249.52014774317	2460249.520147743	NaN	NaN	0	1.53331	NaN	-12.2	15	NaN	NaN	6160560.3477594	64047	41.0224358974359	2496
r_pp_light_00005.fits	62772	60249.520403715316	2460249.5204037153	NaN	NaN	0	1.534922	NaN	-12.2	15	NaN	NaN	6242087.72095956	62772	41.51208106001559	2566
r_pp_light_00006.fits	62933	60249.52065843763	2460249.5206584376	NaN	NaN	0	1.536537	NaN	-12.2	15	NaN	NaN	6165342.791588984	62933	41.69471153846154	2496
r_pp_light_00007.fits	62344	60249.52091406286	2460249.520914063	NaN	NaN	0	1.538158	NaN	-12.2	15	NaN	NaN	6726609.82235938	62344	41.88955105284068	2517
r_pp_light_00008.fits	63099	60249.521170046646	2460249.5211700466	NaN	NaN	0	1.539781	NaN	-12.2	15	NaN	NaN	5967415.619313674	63099	43.02219531880549	2478
r_pp_light_00009.fits	63671	60249.52142598387	2460249.521425984	NaN	NaN	0	1.541335	NaN	-12.2	15	NaN	NaN	6139160.942031826	63671	42.14459788789602	2462
r_pp_light_00010.fits	63192	60249.52168108802	2460249.521681088	NaN	NaN	0	1.542964	NaN	-12.3	15	NaN	NaN	6359131.956703128	63192	42.45793269230769	2496
r_pp_light_00011.fits	63856	60249.52193643525	2460249.5219364353	NaN	NaN	0	1.544599	NaN	-12.3	15	NaN	NaN	5821899.8722561905	63856	40.817093311312966	2422
r_pp_light_00012.fits	62373	60249.522191667	2460249.522191667	NaN	NaN	0	1.546242	NaN	-12.3	15	NaN	NaN	6273403.024264739	62373	40.06910907577019	2402
r_pp_light_00013.fits	63478	60249.52244706033	2460249.5224470603	NaN	NaN	0	1.547889	NaN	-12.3	15	NaN	NaN	6273798.469113298	63478	43.43220007815553	2559
r_pp_light_00014.fits	62275	60249.522702233866	2460249.522702234	NaN	NaN	0	1.549535	NaN	-12.3	15	NaN	NaN	6025801.012631864	62275	43.56772908366534	2510
r_pp_light_00015.fits	63072	60249.522957407404	2460249.5229574074	NaN	NaN	0	1.551181	NaN	-12.3	15	NaN	NaN	5890662.0375032555	63072	41.35210680016687	2397
r_pp_light_00016.fits	63595	60249.52321250038	2460249.5232125004	NaN	NaN	0	1.552834	NaN	-12.3	15	NaN	NaN	6426015.403795459	63595	40.63345786633458	2409
r_pp_light_00017.fits	60721	60249.523467916995	2460249.523467917	NaN	NaN	0	1.554494	NaN	-12.3	15	NaN	NaN	6590800.014848268	60721	42.409744408945684	2504
r_pp_light_00018.fits	62823	60249.52372348402	2460249.523723484	NaN	NaN	0	1.556158	NaN	-12.3	15	NaN	NaN	6069770.357462142	62823	43.3000798084597	2506
r_pp_light_00019.fits	63099	60249.52397870412	2460249.523978704	NaN	NaN	0	1.557745	NaN	-12.3	15	NaN	NaN	6108903.18406095	63099	42.019918699186995	2460
r_pp_light_00020.fits	61961	60249.52423370397	2460249.524233704	NaN	NaN	0	1.559418	NaN	-12.3	15	NaN	NaN	6462062.62823242	61961	42.44955609362389	2478
r_pp_light_00021.fits	61524	60249.52448958345	2460249.5244895834	NaN	NaN	0	1.561097	NaN	-12.3	15	NaN	NaN	6320735.426022287	61524	40.90226171243942	2476
r_pp_light_00022.fits	59467	60249.52474546339	2460249.5247454634	NaN	NaN	0	1.562775	NaN	-12.3	15	NaN	NaN	6442614.058443648	59467	43.31710167510713	2567
r_pp_light_00023.fits	56865	60249.52500056755	2460249.5250005675	NaN	NaN	0	1.564457	NaN	-12.3	15	NaN	NaN	6021548.729756004	56865	40.578242018131654	2537
r_pp_light_00024.fits	62365	60249.525255891494	2460249.5252558915	NaN	NaN	0	1.566144	NaN	-12.3	15	NaN	NaN	6105247.09975742	62365	38.80275756415167	2611
r_pp_light_00025.fits	61429	60249.525511076674	2460249.5255110767	NaN	NaN	0	1.56784	NaN	-12.3	15	NaN	NaN	5818697.960484343	61429	42.395741261550825	2489
r_pp_light_00026.fits	57207	60249.52576650493	2460249.525766505	NaN	NaN	0	1.569531	NaN	-12.3	15	NaN	NaN	6405832.462369481	57207	40.86321548821549	2376
r_pp_light_00027.fits	62151	60249.52602196764	2460249.5260219676	NaN	NaN	0	1.571232	NaN	-12.3	15	NaN	NaN	6056642.35497998	62151	41.56953376205788	2488
r_pp_light_00028.fits	61948	60249.52627774328	2460249.5262777433	NaN	NaN	0	1.572939	NaN	-12.3	15	NaN	NaN	5501267.094606888	61948	40.82696177062374	2485
r_pp_light_00029.fits	60565	60249.52653359994	2460249.5265336	NaN	NaN	0	1.574569	NaN	-12.3	15	NaN	NaN	5664296.6205547135	60565	41.06548100242522	2474
r_pp_light_00030.fits	61318	60249.52678880794	2460249.526788808	NaN	NaN	0	1.576281	NaN	-12.3	15	NaN	NaN	5572749.40047552	61318	41.09502982107356	2515
r_pp_light_00031.fits	62692	60249.52704430558	2460249.5270443056	NaN	NaN	0	1.577998	NaN	-12.3	15	NaN	NaN	5545391.721670799	62692	40.36169386169386	2574
r_pp_light_00032.fits	61823	60249.52730033593	2460249.527300336	NaN	NaN	0	1.579723	NaN	-12.3	15	NaN	NaN	5547584.322145477	61823	40.04385964912281	2508
r_pp_light_00033.fits	60851	60249.52755549783	2460249.527555498	NaN	NaN	0	1.581442	NaN	-12.3	15	NaN	NaN	5790481.447945337	60851	40.31456154465004	2486
r_pp_light_00034.fits	60986	60249.52781140059	2460249.5278114006	NaN	NaN	0	1.583175	NaN	-12.3	15	NaN	NaN	5983636.46988061	60986	41.92582083502229	2467
r_pp_light_00035.fits	61638	60249.52806671336	2460249.5280667134	NaN	NaN	0	1.584913	NaN	-12.3	15	NaN	NaN	6334821.344769187	61638	41.83912691996766	2474
r_pp_light_00036.fits	61194	60249.52832190972	2460249.5283219097	NaN	NaN	0	1.586645	NaN	-12.3	15	NaN	NaN	5788336.74168213	61194	41.138811328280816	2507
r_pp_light_00037.fits	62901	60249.528577835765	2460249.5285778358	NaN	NaN	0	1.588316	NaN	-12.3	15	NaN	NaN	5507245.040119049	62901	37.04759916492693	2395
r_pp_light_00038.fits	62274	60249.528833020944	2460249.528833021	NaN	NaN	0	1.590057	NaN	-12.3	15	NaN	NaN	5708758.791913175	62274	39.084460844608444	2439
r_pp_light_00039.fits	62798	60249.52908826433	2460249.5290882643	NaN	NaN	0	1.591811	NaN	-12.3	15	NaN	NaN	5436954.8585764775	62798	39.060995850622405	2410
r_pp_light_00040.fits	57549	60249.52934337966	2460249.5293433797	NaN	NaN	0	1.593559	NaN	-12.3	15	NaN	NaN	5809063.728115167	57549	40.1292157659488	2461
r_pp_light_00041.fits	62018	60249.52959937509	2460249.529599375	NaN	NaN	0	1.595322	NaN	-12.3	15	NaN	NaN	6059760.007294951	62018	41.920495405513385	2503
r_pp_light_00042.fits	61655	60249.529854595196	2460249.529854595	NaN	NaN	0	1.59708	NaN	-12.3	15	NaN	NaN	5677413.49624021	61655	40.15287838353031	2623
r_pp_light_00043.fits	62126	60249.53011064837	2460249.5301106484	NaN	NaN	0	1.598852	NaN	-12.3	15	NaN	NaN	5914528.028653007	62126	40.95905755117806	2589
r_pp_light_00044.fits	61387	60249.53036672482	2460249.530366725	NaN	NaN	0	1.600629	NaN	-12.3	15	NaN	NaN	5656352.4400120145	61387	40.088852988691436	2476
r_pp_light_00045.fits	62100	60249.53062189836	2460249.5306218984	NaN	NaN	0	1.602404	NaN	-12.3	15	NaN	NaN	5783997.179084489	62100	42.56596942880129	2486
r_pp_light_00046.fits	59657	60249.530877048615	2460249.5308770486	NaN	NaN	0	1.604102	NaN	-12.3	15	NaN	NaN	5667195.912335519	59657	41.13290632506005	2498
r_pp_light_00047.fits	63469	60249.531132349744	2460249.5311323497	NaN	NaN	0	1.605887	NaN	-12.3	15	NaN	NaN	5631990.513860997	63469	41.8732097725358	2374
r_pp_light_00048.fits	61471	60249.531387916766	2460249.5313879168	NaN	NaN	0	1.607677	NaN	-12.4	15	NaN	NaN	5724520.748831858	61471	40.78626574563186	2461
r_pp_light_00049.fits	60986	60249.53164296318	2460249.531642963	NaN	NaN	0	1.609463	NaN	-12.4	15	NaN	NaN	5693237.640207567	60986	38.97604790419162	2505
r_pp_light_00050.fits	61041	60249.53189835651	2460249.5318983565	NaN	NaN	0	1.611261	NaN	-12.4	15	NaN	NaN	5974067.653177755	61041	38.6113251155624	2596
r_pp_light_00051.fits	61091	60249.532153483946	2460249.532153484	NaN	NaN	0	1.613062	NaN	-12.4	15	NaN	NaN	5754744.088008488	61091	40.41863254698121	2501
r_pp_light_00052.fits	61463	60249.53240885446	2460249.5324088545	NaN	NaN	0	1.614869	NaN	-12.4	15	NaN	NaN	5882500.022496633	61463	41.13953488372093	2408
r_pp_light_00053.fits	56642	60249.53266405128	2460249.5326640513	NaN	NaN	0	1.616679	NaN	-12.4	15	NaN	NaN	6015576.944486735	56642	40.502242152466366	2453
r_pp_light_00054.fits	62436	60249.53292009281	2460249.532920093	NaN	NaN	0	1.618499	NaN	-12.4	15	NaN	NaN	5774392.714045134	62436	39.12844408427877	2468
r_pp_light_00055.fits	62023	60249.533175254706	2460249.5331752547	NaN	NaN	0	1.620235	NaN	-12.4	15	NaN	NaN	5830063.943078993	62023	39.04662188858159	2531
r_pp_light_00056.fits	62303	60249.533430706244	2460249.5334307062	NaN	NaN	0	1.62206	NaN	-12.4	15	NaN	NaN	5749631.727661045	62303	40.29588607594937	2528
r_pp_light_00057.fits	57330	60249.533685937524	2460249.5336859375	NaN	NaN	0	1.623883	NaN	-12.4	15	NaN	NaN	6424211.316093642	57330	40.90517961570593	2394
r_pp_light_00058.fits	61068	60249.533941250294	2460249.5339412503	NaN	NaN	0	1.625716	NaN	-12.4	15	NaN	NaN	5852669.14979952	61068	39.89504950495049	2525
r_pp_light_00059.fits	61498	60249.53419723408	2460249.534197234	NaN	NaN	0	1.627558	NaN	-12.4	15	NaN	NaN	5850724.125650481	61498	40.53238289205703	2455
r_pp_light_00060.fits	60173	60249.534452592954	2460249.534452593	NaN	NaN	0	1.629395	NaN	-12.4	15	NaN	NaN	5962269.718085737	60173	41.879269261318505	2518
r_pp_light_00061.fits	60709	60249.5347079169	2460249.534707917	NaN	NaN	0	1.631247	NaN	-12.4	15	NaN	NaN	6059956.020948573	60709	42.33041052212037	2509
r_pp_light_00062.fits	60052	60249.534963345155	2460249.534963345	NaN	NaN	0	1.633094	NaN	-12.4	15	NaN	NaN	5920045.314359443	60052	41.01552547770701	2512
r_pp_light_00063.fits	60511	60249.53521936387	2460249.535219364	NaN	NaN	0	1.634954	NaN	-12.4	15	NaN	NaN	5787575.617210334	60511	41.62968874700718	2506
r_pp_light_00064.fits	61469	60249.53547482658	2460249.5354748266	NaN	NaN	0	1.636731	NaN	-12.5	15	NaN	NaN	5787353.603910109	61469	40.899612403100775	2580
r_pp_light_00065.fits	62606	60249.53573083365	2460249.5357308337	NaN	NaN	0	1.638601	NaN	-12.5	15	NaN	NaN	5661725.605690709	62606	39.0853889943074	2635
r_pp_light_00066.fits	60424	60249.53598616924	2460249.5359861692	NaN	NaN	0	1.64047	NaN	-12.5	15	NaN	NaN	5641243.906517546	60424	38.53138744502199	2501
r_pp_light_00067.fits	62204	60249.53624219913	2460249.536242199	NaN	NaN	0	1.642349	NaN	-12.5	15	NaN	NaN	5876913.0496897865	62204	40.780971659919025	2470
r_pp_light_00068.fits	63224	60249.536497419234	2460249.5364974192	NaN	NaN	0	1.644221	NaN	-12.5	15	NaN	NaN	5830242.430578093	63224	38.988576091391266	2451
r_pp_light_00069.fits	63089	60249.53675284749	2460249.5367528475	NaN	NaN	0	1.646105	NaN	-12.5	15	NaN	NaN	5323393.296532593	63089	41.64659890539484	2558
r_pp_light_00070.fits	62305	60249.537008287385	2460249.5370082874	NaN	NaN	0	1.647988	NaN	-12.5	15	NaN	NaN	5226979.992118782	62305	41.04105090311987	2436
r_pp_light_00071.fits	62725	60249.537263426	2460249.537263426	NaN	NaN	0	1.649884	NaN	-12.5	15	NaN	NaN	5478626.996599628	62725	40.63507109004739	2532
r_pp_light_00072.fits	57413	60249.53751880815	2460249.537518808	NaN	NaN	0	1.651782	NaN	-12.5	15	NaN	NaN	5648992.561927673	57413	40.98339264531435	2529
r_pp_light_00073.fits	62425	60249.53777425969	2460249.5377742597	NaN	NaN	0	1.653598	NaN	-12.5	15	NaN	NaN	5264062.649774148	62425	37.80462519936204	2508
r_pp_light_00074.fits	63095	60249.538030220196	2460249.53803022	NaN	NaN	0	1.655509	NaN	-12.5	15	NaN	NaN	5232110.776661875	63095	37.45988654781199	2468
r_pp_light_00075.fits	63551	60249.53828547476	2460249.5382854748	NaN	NaN	0	1.657419	NaN	-12.5	15	NaN	NaN	5084564.430681325	63551	36.44974776872332	2577
r_pp_light_00076.fits	62738	60249.53854077589	2460249.538540776	NaN	NaN	0	1.659335	NaN	-12.5	15	NaN	NaN	4948324.239203531	62738	37.231683168316835	2525
r_pp_light_00077.fits	62427	60249.53879597224	2460249.5387959722	NaN	NaN	0	1.661248	NaN	-12.5	15	NaN	NaN	4932214.533461024	62427	35.79869381482904	2603
r_pp_light_00078.fits	61118	60249.539052095264	2460249.5390520953	NaN	NaN	0	1.663185	NaN	-12.5	15	NaN	NaN	5169783.343556819	61118	36.52016806722689	2380
r_pp_light_00079.fits	62523	60249.53930737311	2460249.539307373	NaN	NaN	0	1.665108	NaN	-12.5	15	NaN	NaN	5306785.927886085	62523	38.37955911823647	2495
r_pp_light_00080.fits	58211	60249.53956261603	2460249.539562616	NaN	NaN	0	1.667042	NaN	-12.5	15	NaN	NaN	5733955.504827568	58211	37.880195599022	2454
r_pp_light_00081.fits	62237	60249.53981853044	2460249.5398185304	NaN	NaN	0	1.668898	NaN	-12.5	15	NaN	NaN	5476230.6405863855	62237	38.90822027134876	2506
r_pp_light_00082.fits	61451	60249.540074560326	2460249.5400745603	NaN	NaN	0	1.670841	NaN	-12.5	15	NaN	NaN	5422412.449239778	61451	38.54219242902208	2536
r_pp_light_00083.fits	62578	60249.540330498014	2460249.540330498	NaN	NaN	0	1.672801	NaN	-12.5	15	NaN	NaN	5434932.79706094	62578	38.493248610007946	2518
r_pp_light_00084.fits	61929	60249.54058577586	2460249.540585776	NaN	NaN	0	1.674748	NaN	-12.5	15	NaN	NaN	5147041.221333984	61929	38.302733578131374	2451
r_pp_light_00085.fits	62185	60249.54084112309	2460249.540841123	NaN	NaN	0	1.676706	NaN	-12.5	15	NaN	NaN	5244123.0123563865	62185	38.89968025579537	2502
r_pp_light_00086.fits	61219	60249.541096967645	2460249.5410969676	NaN	NaN	0	1.678673	NaN	-12.5	15	NaN	NaN	5518553.996835943	61219	36.927584763499375	2389
r_pp_light_00087.fits	62668	60249.54135222267	2460249.5413522227	NaN	NaN	0	1.68064	NaN	-12.5	15	NaN	NaN	5393508.348090346	62668	37.43421557345608	2607
r_pp_light_00088.fits	62550	60249.54160737293	2460249.541607373	NaN	NaN	0	1.682606	NaN	-12.5	15	NaN	NaN	5207106.722931929	62550	40.591578086672115	2446
r_pp_light_00089.fits	61648	60249.54186338	2460249.54186338	NaN	NaN	0	1.684583	NaN	-12.5	15	NaN	NaN	4915041.161460396	61648	35.873701703365185	2407
r_pp_light_00090.fits	62147	60249.54211924784	2460249.542119248	NaN	NaN	0	1.686486	NaN	-12.5	15	NaN	NaN	4806487.285530946	62147	36.456708268330736	2564
r_pp_light_00091.fits	62565	60249.54237511614	2460249.542375116	NaN	NaN	0	1.688471	NaN	-12.5	15	NaN	NaN	4781549.128917944	62565	36.43131758109732	2497
r_pp_light_00092.fits	63298	60249.54263113439	2460249.5426311344	NaN	NaN	0	1.690474	NaN	-12.5	15	NaN	NaN	4980558.589694122	63298	37.97447978013349	2547
r_pp_light_00093.fits	61830	60249.54288625019	2460249.54288625	NaN	NaN	0	1.692464	NaN	-12.5	15	NaN	NaN	5233261.14512672	61830	38.50039936102237	2504
r_pp_light_00094.fits	60486	60249.5431422689	2460249.543142269	NaN	NaN	0	1.694471	NaN	-12.5	15	NaN	NaN	5253703.71910859	60486	38.62197092084006	2476
r_pp_light_00095.fits	61494	60249.54339814838	2460249.5433981484	NaN	NaN	0	1.696482	NaN	-12.5	15	NaN	NaN	5625334.424861565	61494	37.0108153078203	2404
r_pp_light_00096.fits	0	60249.543653530534	2460249.5436535305	NaN	NaN	0	1.698495	NaN	-12.5	15	NaN	NaN	5495933.721168643	54059	39.39048714998082	2607
r_pp_light_00097.fits	61710	60249.54390884284	2460249.543908843	NaN	NaN	0	1.700511	NaN	-12.5	15	NaN	NaN	5516985.900123058	61710	41.494661921708186	2529
r_pp_light_00098.fits	61883	60249.54416482663	2460249.5441648266	NaN	NaN	0	1.702532	NaN	-12.5	15	NaN	NaN	5695767.904787572	61883	38.877932405566604	2515
r_pp_light_00099.fits	63985	60249.5444202316	2460249.5444202316	NaN	NaN	0	1.704468	NaN	-12.5	15	NaN	NaN	5015697.502108742	63985	39.07623682076237	2466
r_pp_light_00100.fits	61579	60249.54467555601	2460249.544675556	NaN	NaN	0	1.706506	NaN	-12.5	15	NaN	NaN	5093761.567197919	61579	40.009152407481096	2513
r_pp_light_00101.fits	58582	60249.54493148159	2460249.5449314816	NaN	NaN	0	1.708541	NaN	-12.5	15	NaN	NaN	5220226.907603111	58582	36.09708349980024	2503
r_pp_light_00102.fits	60868	60249.54518681718	2460249.545186817	NaN	NaN	0	1.710582	NaN	-12.5	15	NaN	NaN	5332724.57736373	60868	38.59468302658487	2445
r_pp_light_00103.fits	58183	60249.54544223379	2460249.545442234	NaN	NaN	0	1.71263	NaN	-12.5	15	NaN	NaN	5584143.974404794	58183	37.98836742880064	2493
r_pp_light_00104.fits	58671	60249.54569747718	2460249.545697477	NaN	NaN	0	1.714681	NaN	-12.6	15	NaN	NaN	5753650.981057351	58671	39.4938074310827	2503
r_pp_light_00105.fits	59221	60249.545952939894	2460249.54595294	NaN	NaN	0	1.716732	NaN	-12.6	15	NaN	NaN	5989277.729764434	59221	38.14139344262295	2440
r_pp_light_00106.fits	61061	60249.54620854184	2460249.546208542	NaN	NaN	0	1.718796	NaN	-12.6	15	NaN	NaN	5826210.193748952	61061	37.48556105610561	2424
r_pp_light_00107.fits	59670	60249.546463808045	2460249.546463808	NaN	NaN	0	1.720869	NaN	-12.6	15	NaN	NaN	5476136.637796872	59670	38.40885099472188	2463
r_pp_light_00108.fits	56300	60249.54671917856	2460249.5467191786	NaN	NaN	0	1.722842	NaN	-12.6	15	NaN	NaN	5916425.924315197	56300	38.57862657456319	2461
r_pp_light_00109.fits	0	60249.54697473394	2460249.546974734	NaN	NaN	0	1.724921	NaN	-12.6	15	NaN	NaN	6269418.01737359	52620	38.92483006797281	2501
r_pp_light_00110.fits	0	60249.547230509575	2460249.5472305096	NaN	NaN	0	1.727007	NaN	-12.6	15	NaN	NaN	6723835.368381394	48686	41.56936647955092	2494
r_pp_light_00111.fits	0	60249.547486342955	2460249.547486343	NaN	NaN	0	1.729091	NaN	-12.6	15	NaN	NaN	6386488.8805016605	53787	41.94276233927831	2411
r_pp_light_00112.fits	0	60249.54774096096	2460249.547740961	NaN	NaN	0	1.731185	NaN	-12.6	15	NaN	NaN	6491332.933165715	47661	40.41820368885325	2494
r_pp_light_00113.fits	0	60249.54799619224	2460249.5479961922	NaN	NaN	0	1.733282	NaN	-12.6	15	NaN	NaN	7102209.363715731	50126	42.793252255786584	2549
r_pp_light_00114.fits	59715	60249.54825212993	2460249.54825213	NaN	NaN	0	1.735389	NaN	-12.6	15	NaN	NaN	5672498.604278411	59715	40.36171875	2560
r_pp_light_00115.fits	0	60249.548507419415	2460249.5485074194	NaN	NaN	0	1.737491	NaN	-12.6	15	NaN	NaN	5940060.94331521	52926	40.216916228247676	2471
r_pp_light_00116.fits	55357	60249.548762604594	2460249.5487626046	NaN	NaN	0	1.739507	NaN	-12.6	15	NaN	NaN	5776357.85431948	55357	39.546941955590185	2567
r_pp_light_00117.fits	56698	60249.54901855346	2460249.5490185535	NaN	NaN	0	1.741631	NaN	-12.6	15	NaN	NaN	6081867.168410082	56698	38.92400835073069	2395
r_pp_light_00118.fits	58356	60249.54927454889	2460249.549274549	NaN	NaN	0	1.743767	NaN	-12.6	15	NaN	NaN	5544664.568224839	58356	39.93417922283901	2522
r_pp_light_00119.fits	59879	60249.549529352225	2460249.549529352	NaN	NaN	0	1.745884	NaN	-12.7	15	NaN	NaN	6505229.714194463	59879	40.488997555012226	2454
r_pp_light_00120.fits	56683	60249.549784549046	2460249.549784549	NaN	NaN	0	1.748024	NaN	-12.6	15	NaN	NaN	5794918.401826599	56683	40.01877199843567	2557
r_pp_light_00121.fits	61797	60249.55003983807	2460249.550039838	NaN	NaN	0	1.750163	NaN	-12.7	15	NaN	NaN	5562924.031360799	61797	40.54934079105074	2503
r_pp_light_00122.fits	61033	60249.550295289606	2460249.5502952896	NaN	NaN	0	1.752302	NaN	-12.7	15	NaN	NaN	5451177.169529587	61033	39.30877192982456	2565
r_pp_light_00123.fits	60365	60249.550550463144	2460249.550550463	NaN	NaN	0	1.754444	NaN	-12.7	15	NaN	NaN	5724865.688952664	60365	40.50938873351978	2503
r_pp_light_00124.fits	61268	60249.5508058453	2460249.5508058453	NaN	NaN	0	1.756607	NaN	-12.7	15	NaN	NaN	5522825.514606788	61268	39.48979591836735	2499
r_pp_light_00125.fits	57984	60249.55106189847	2460249.5510618985	NaN	NaN	0	1.758676	NaN	-12.7	15	NaN	NaN	5375910.6305907965	57984	39.596208148446955	2479
r_pp_light_00126.fits	59189	60249.55131718796	2460249.551317188	NaN	NaN	0	1.760835	NaN	-12.7	15	NaN	NaN	5916654.900608164	59189	39.67334118570868	2547
r_pp_light_00127.fits	0	60249.55157265067	2460249.5515726507	NaN	NaN	0	1.763008	NaN	-12.7	15	NaN	NaN	5938273.584250676	54590	39.66496264254817	2543
r_pp_light_00128.fits	58268	60249.551828761585	2460249.5518287616	NaN	NaN	0	1.765191	NaN	-12.7	15	NaN	NaN	6628701.384816344	58268	40.879708383961116	2469
r_pp_light_00129.fits	0	60249.552083900664	2460249.5520839007	NaN	NaN	0	1.767364	NaN	-12.7	15	NaN	NaN	6270872.79832607	54884	39.01052631578948	2375
r_pp_light_00130.fits	0	60249.552339305636	2460249.5523393056	NaN	NaN	0	1.769552	NaN	-12.7	15	NaN	NaN	5943279.748890544	54513	37.94367861362741	2539
r_pp_light_00131.fits	0	60249.55259454902	2460249.552594549	NaN	NaN	0	1.771745	NaN	-12.7	15	NaN	NaN	6069725.278262011	51265	38.927316293929714	2504
r_pp_light_00132.fits	0	60249.55284991907	2460249.552849919	NaN	NaN	0	1.773943	NaN	-12.7	15	NaN	NaN	6466872.608051514	50986	41.16052318668252	2523
r_pp_light_00133.fits	56099	60249.55310504651	2460249.5531050465	NaN	NaN	0	1.776039	NaN	-12.7	15	NaN	NaN	6069526.103142173	56099	40.94059011164274	2508
r_pp_light_00134.fits	0	60249.55336099537	2460249.5533609954	NaN	NaN	0	1.778253	NaN	-12.7	15	NaN	NaN	7311667.971854408	49858	40.46519114688129	2485
r_pp_light_00135.fits	0	60249.55361693306	2460249.553616933	NaN	NaN	0	1.780466	NaN	-12.8	15	NaN	NaN	6741426.096588467	53371	40.084848484848486	2475
r_pp_light_00136.fits	60264	60249.553872859105	2460249.553872859	NaN	NaN	0	1.782691	NaN	-12.8	15	NaN	NaN	6074274.964597624	60264	38.94183714400321	2493
r_pp_light_00137.fits	56198	60249.55412819469	2460249.5541281947	NaN	NaN	0	1.784917	NaN	-12.8	15	NaN	NaN	5876311.851896785	56198	40.36533229692965	2573
r_pp_light_00138.fits	0	60249.55438366905	2460249.554383669	NaN	NaN	0	1.787149	NaN	-12.8	15	NaN	NaN	6589833.9514999455	53293	42.5495145631068	2575
r_pp_light_00139.fits	0	60249.55463869218	2460249.554638692	NaN	NaN	0	1.789383	NaN	-12.8	15	NaN	NaN	6656953.853163065	52192	40.524193548387096	2356
r_pp_light_00140.fits	56571	60249.55489468761	2460249.5548946876	NaN	NaN	0	1.79153	NaN	-12.8	15	NaN	NaN	5975965.178747875	56571	41.34329532048761	2543
r_pp_light_00141.fits	58970	60249.55514987279	2460249.555149873	NaN	NaN	0	1.793777	NaN	-12.8	15	NaN	NaN	6408021.645041647	58970	43.53797717434081	2541
r_pp_light_00142.fits	55647	60249.55540594924	2460249.5554059492	NaN	NaN	0	1.796036	NaN	-12.8	15	NaN	NaN	6349712.204593946	55647	42.53021756647865	2482
r_pp_light_00143.fits	58946	60249.55566126201	2460249.555661262	NaN	NaN	0	1.798295	NaN	-12.8	15	NaN	NaN	5950291.152872611	58946	41.07340946166395	2452
r_pp_light_00144.fits	57196	60249.555917465594	2460249.5559174656	NaN	NaN	0	1.80056	NaN	-12.8	15	NaN	NaN	6070693.473812845	57196	43.413916500994034	2515
r_pp_light_00145.fits	0	60249.55617280118	2460249.556172801	NaN	NaN	0	1.80283	NaN	-12.8	15	NaN	NaN	6595928.990795823	53764	43.501005227181345	2487
r_pp_light_00146.fits	59074	60249.556428067386	2460249.5564280674	NaN	NaN	0	1.805105	NaN	-12.8	15	NaN	NaN	6130928.7582600545	59074	40.937323089365144	2473
r_pp_light_00147.fits	55782	60249.556683449075	2460249.556683449	NaN	NaN	0	1.807387	NaN	-12.8	15	NaN	NaN	6273813.117918279	55782	41.784933171324425	2469
r_pp_light_00148.fits	57491	60249.55693890061	2460249.5569389006	NaN	NaN	0	1.809675	NaN	-12.8	15	NaN	NaN	6540782.450732767	57491	42.32228796844181	2535
r_pp_light_00149.fits	0	60249.557194953784	2460249.557194954	NaN	NaN	0	1.811975	NaN	-12.8	15	NaN	NaN	6491152.00410302	50608	43.024448897795594	2495
r_pp_light_00150.fits	57602	60249.5574509725	2460249.5574509725	NaN	NaN	0	1.814176	NaN	-12.8	15	NaN	NaN	6201968.372115897	57602	40.86890951276102	2586
r_pp_light_00151.fits	0	60249.557706308085	2460249.557706308	NaN	NaN	0	1.81648	NaN	-12.8	15	NaN	NaN	6020747.337308663	52173	41.43078175895766	2456
r_pp_light_00152.fits	58154	60249.55796163203	2460249.557961632	NaN	NaN	0	1.818782	NaN	-12.8	15	NaN	NaN	6376403.665296255	58154	40.622240064231235	2491
r_pp_light_00153.fits	59051	60249.558216852136	2460249.558216852	NaN	NaN	0	1.821097	NaN	-12.9	15	NaN	NaN	5948321.810878505	59051	41.927141713370695	2498
r_pp_light_00154.fits	0	60249.558472361416	2460249.5584723614	NaN	NaN	0	1.823412	NaN	-12.9	15	NaN	NaN	5934645.346713764	53725	41.00684380032206	2484
r_pp_light_00155.fits	61385	60249.55872829864	2460249.5587282986	NaN	NaN	0	1.825761	NaN	-12.9	15	NaN	NaN	5959565.713915637	61385	40.36620294599018	2444
r_pp_light_00156.fits	62219	60249.55898368079	2460249.558983681	NaN	NaN	0	1.828086	NaN	-12.9	15	NaN	NaN	5770798.218509814	62219	41.56781802864364	2374
r_pp_light_00157.fits	59283	60249.559239051305	2460249.5592390513	NaN	NaN	0	1.830417	NaN	-12.9	15	NaN	NaN	5543072.661684739	59283	39.75247524752475	2525
r_pp_light_00158.fits	59537	60249.55949435197	2460249.559494352	NaN	NaN	0	1.832657	NaN	-12.9	15	NaN	NaN	5437142.440660619	59537	39.34019370460049	2478
r_pp_light_00159.fits	58176	60249.559749641456	2460249.5597496415	NaN	NaN	0	1.834998	NaN	-12.9	15	NaN	NaN	5485989.872138754	58176	42.47727272727273	2508
r_pp_light_00160.fits	61315	60249.560005671345	2460249.5600056713	NaN	NaN	0	1.837369	NaN	-12.9	15	NaN	NaN	5816880.067068344	61315	41.1562740569669	2598
r_pp_light_00161.fits	60649	60249.56026093755	2460249.5602609375	NaN	NaN	0	1.83973	NaN	-12.9	15	NaN	NaN	5452850.821556451	60649	40.51349107513491	2409
r_pp_light_00162.fits	60864	60249.56051704893	2460249.560517049	NaN	NaN	0	1.842089	NaN	-12.9	15	NaN	NaN	5561037.490828803	60864	41.36562626672071	2467
r_pp_light_00163.fits	62382	60249.560772372875	2460249.560772373	NaN	NaN	0	1.844463	NaN	-12.9	15	NaN	NaN	5565226.825641616	62382	40.91860465116279	2494
r_pp_light_00164.fits	60808	60249.56102750031	2460249.5610275003	NaN	NaN	0	1.846841	NaN	-13	15	NaN	NaN	5793192.78011847	60808	39.01305379746835	2528
r_pp_light_00165.fits	56852	60249.56128256954	2460249.5612825695	NaN	NaN	0	1.849224	NaN	-13	15	NaN	NaN	5649148.022148105	56852	42.379809681423254	2417
r_pp_light_00166.fits	55588	60249.561537778005	2460249.561537778	NaN	NaN	0	1.851499	NaN	-13	15	NaN	NaN	6068520.634346905	55588	42.15816528272044	2529
r_pp_light_00167.fits	61839	60249.56179316016	2460249.56179316	NaN	NaN	0	1.853889	NaN	-13	15	NaN	NaN	5539079.042279253	61839	41.970379146919434	2532
r_pp_light_00168.fits	60299	60249.56204827549	2460249.5620482755	NaN	NaN	0	1.856299	NaN	-13	15	NaN	NaN	5478574.65311687	60299	40.46239210850801	2433
r_pp_light_00169.fits	62440	60249.56230437523	2460249.562304375	NaN	NaN	0	1.858715	NaN	-13	15	NaN	NaN	5476667.931227491	62440	41.35149313962873	2478
r_pp_light_00170.fits	59623	60249.56255968753	2460249.5625596875	NaN	NaN	0	1.861122	NaN	-13	15	NaN	NaN	5655800.746607706	59623	39.49435138293728	2567
r_pp_light_00171.fits	61492	60249.56281561358	2460249.5628156136	NaN	NaN	0	1.863541	NaN	-13	15	NaN	NaN	6008561.0631768415	61492	41.989344262295084	2440
r_pp_light_00172.fits	63175	60249.563070521224	2460249.563070521	NaN	NaN	0	1.865964	NaN	-13	15	NaN	NaN	5839187.867466012	63175	41.074253430185635	2478
r_pp_light_00173.fits	57473	60249.56332567148	2460249.5633256715	NaN	NaN	0	1.868278	NaN	-13	15	NaN	NaN	5930022.907943105	57473	40.99801744647105	2522
r_pp_light_00174.fits	59503	60249.56358075235	2460249.5635807524	NaN	NaN	0	1.870706	NaN	-13	15	NaN	NaN	6080841.708774112	59503	42.55714839209609	2581
r_pp_light_00175.fits	59789	60249.56383607676	2460249.5638360768	NaN	NaN	0	1.873152	NaN	-13	15	NaN	NaN	6092508.674809604	59789	42.06785137318255	2476
r_pp_light_00176.fits	61426	60249.5640916205	2460249.5640916205	NaN	NaN	0	1.875614	NaN	-13	15	NaN	NaN	5814708.407105468	61426	41.57903357903358	2442
r_pp_light_00177.fits	0	60249.56434746552	2460249.5643474655	NaN	NaN	0	1.87806	NaN	-13.1	15	NaN	NaN	5826206.7896904545	53058	41.352917505030184	2485
r_pp_light_00178.fits	57205	60249.56460259296	2460249.564602593	NaN	NaN	0	1.880522	NaN	-13.1	15	NaN	NaN	6228377.482369618	57205	41.05175819834058	2531
r_pp_light_00179.fits	0	60249.5648584608	2460249.564858461	NaN	NaN	0	1.882997	NaN	-13.1	15	NaN	NaN	6209685.770973526	49622	41.54713196951464	2493
r_pp_light_00180.fits	56761	60249.565114259254	2460249.5651142593	NaN	NaN	0	1.885478	NaN	-13.1	15	NaN	NaN	6085696.406231382	56761	40.78224186420249	2489
r_pp_light_00181.fits	60843	60249.565369780175	2460249.56536978	NaN	NaN	0	1.887842	NaN	-13.1	15	NaN	NaN	5871495.8033707915	60843	41.63268608414239	2472
r_pp_light_00182.fits	58158	60249.56562515069	2460249.5656251507	NaN	NaN	0	1.890339	NaN	-13.1	15	NaN	NaN	5717007.020463906	58158	41.34419713831478	2516
r_pp_light_00183.fits	55652	60249.56588033587	2460249.565880336	NaN	NaN	0	1.892833	NaN	-13.1	15	NaN	NaN	6160714.156500337	55652	41.561621838619025	2491
r_pp_light_00184.fits	58358	60249.566135671455	2460249.5661356715	NaN	NaN	0	1.895334	NaN	-13.1	15	NaN	NaN	5769274.834405057	58358	41.34152334152334	2442
r_pp_light_00185.fits	62956	60249.56639079889	2460249.566390799	NaN	NaN	0	1.897831	NaN	-13.1	15	NaN	NaN	5322849.28833224	62956	40.04634438673592	2503
r_pp_light_00186.fits	63040	60249.56664634263	2460249.5666463426	NaN	NaN	0	1.900346	NaN	-13.1	15	NaN	NaN	5326685.08478903	63040	40.01235552012754	2509
r_pp_light_00187.fits	58904	60249.566901829094	2460249.566901829	NaN	NaN	0	1.902858	NaN	-13.1	15	NaN	NaN	5382263.685236071	58904	40.0296759078485	2561
r_pp_light_00188.fits	61048	60249.56715704873	2460249.5671570487	NaN	NaN	0	1.905384	NaN	-13.1	15	NaN	NaN	5583346.351079756	61048	39.958217270194986	2513
r_pp_light_00189.fits	56467	60249.5674130558	2460249.567413056	NaN	NaN	0	1.907809	NaN	-13.1	15	NaN	NaN	5528497.744178027	56467	40.95756833945328	2451
r_pp_light_00190.fits	55293	60249.56766884262	2460249.5676688426	NaN	NaN	0	1.910352	NaN	-13.1	15	NaN	NaN	5515811.160829945	55293	38.482343165766515	2407
r_pp_light_00191.fits	0	60249.567924768664	2460249.5679247687	NaN	NaN	0	1.912885	NaN	-13.1	15	NaN	NaN	5860319.329361662	52160	39.595038015206086	2499
r_pp_light_00192.fits	0	60249.56818010425	2460249.5681801043	NaN	NaN	0	1.915446	NaN	-13.1	15	NaN	NaN	6086334.306411234	53488	41.05481171548117	2390
r_pp_light_00193.fits	55686	60249.56843606522	2460249.568436065	NaN	NaN	0	1.918001	NaN	-13.1	15	NaN	NaN	5925917.6902229935	55686	38.94790812141099	2438
r_pp_light_00194.fits	0	60249.56869116938	2460249.5686911694	NaN	NaN	0	1.920563	NaN	-13.1	15	NaN	NaN	5944906.311570147	51357	39.07380073800738	2439
r_pp_light_00195.fits	0	60249.56894629635	2460249.5689462963	NaN	NaN	0	1.923007	NaN	-13.1	15	NaN	NaN	5896536.07916102	51950	40.07920792079208	2525
r_pp_light_00196.fits	0	60249.569201724604	2460249.5692017246	NaN	NaN	0	1.925584	NaN	-13.1	15	NaN	NaN	5624255.6818684405	54156	39.860873113015096	2451
r_pp_light_00197.fits	0	60249.56945761619	2460249.569457616	NaN	NaN	0	1.928173	NaN	-13.1	15	NaN	NaN	5850494.263798876	53557	39.961554026709834	2471
r_pp_light_00198.fits	0	60249.56971317157	2460249.5697131716	NaN	NaN	0	1.930756	NaN	-13.1	15	NaN	NaN	5612631.677320471	53321	38.190400634668784	2521
r_pp_light_00199.fits	0	60249.56996887736	2460249.5699688774	NaN	NaN	0	1.933356	NaN	-13.1	15	NaN	NaN	5781417.826771722	53869	39.429029671210905	2494
r_pp_light_00200.fits	0	60249.57022408582	2460249.570224086	NaN	NaN	0	1.935958	NaN	-13.1	15	NaN	NaN	5952149.495953344	48908	39.48091916290521	2437
r_pp_light_00201.fits	0	60249.570479606744	2460249.5704796067	NaN	NaN	0	1.93857	NaN	-13.2	15	NaN	NaN	5862389.684334402	52985	39.94790844514601	2534
r_pp_light_00202.fits	0	60249.57073569484	2460249.570735695	NaN	NaN	0	1.941204	NaN	-13.2	15	NaN	NaN	5845338.126076223	53590	41.397681854516385	2502
r_pp_light_00203.fits	0	60249.570991655346	2460249.5709916553	NaN	NaN	0	1.943814	NaN	-13.2	15	NaN	NaN	5667666.082705245	52909	42.40734693877551	2450
r_pp_light_00204.fits	0	60249.571247315034	2460249.571247315	NaN	NaN	0	1.946328	NaN	-13.2	15	NaN	NaN	6126671.920392448	44754	39.87722852512156	2468
r_pp_light_00205.fits	0	60249.57150290534	2460249.5715029053	NaN	NaN	0	1.948956	NaN	-13.2	15	NaN	NaN	6351792.657381585	53989	40.59103754541784	2477
r_pp_light_00206.fits	0	60249.57175828749	2460249.5717582875	NaN	NaN	0	1.951609	NaN	-13.2	15	NaN	NaN	5702350.0290226275	54201	39.793810444874275	2585
r_pp_light_00207.fits	0	60249.57201351877	2460249.572013519	NaN	NaN	0	1.954257	NaN	-13.2	15	NaN	NaN	5466548.482949812	54294	38.821170809943865	2494
r_pp_light_00208.fits	0	60249.572269375436	2460249.5722693754	NaN	NaN	0	1.956899	NaN	-13.2	15	NaN	NaN	5690801.60887378	48496	39.94953194953195	2457
r_pp_light_00209.fits	0	60249.57252445631	2460249.5725244563	NaN	NaN	0	1.959549	NaN	-13.2	15	NaN	NaN	5352859.262395356	47141	37.96350963509635	2439
r_pp_light_00210.fits	0	60249.57278056722	2460249.572780567	NaN	NaN	0	1.962236	NaN	-13.2	15	NaN	NaN	5358323.869763409	49641	39.17094017094017	2457
r_pp_light_00211.fits	0	60249.57303604204	2460249.573036042	NaN	NaN	0	1.964903	NaN	-13.2	15	NaN	NaN	5500941.7780470885	51229	37.90139720558882	2505
r_pp_light_00212.fits	0	60249.57329247706	2460249.573292477	NaN	NaN	0	1.967476	NaN	-13.2	15	NaN	NaN	6279707.815999109	45140	40.025620811982655	2537
r_pp_light_00213.fits	0	60249.57354773162	2460249.5735477316	NaN	NaN	0	1.970175	NaN	-13.2	15	NaN	NaN	5687675.751825696	48492	38.51909931644552	2487
r_pp_light_00214.fits	0	60249.57380311377	2460249.573803114	NaN	NaN	0	1.972872	NaN	-13.2	15	NaN	NaN	5487568.524628578	50493	37.63650607128868	2553
r_pp_light_00215.fits	0	60249.574058472645	2460249.5740584726	NaN	NaN	0	1.975575	NaN	-13.2	15	NaN	NaN	5438446.417626815	51323	37.99604586793199	2529
r_pp_light_00216.fits	0	60249.57431388926	2460249.5743138893	NaN	NaN	0	1.978285	NaN	-13.2	15	NaN	NaN	5311824.713011098	54803	39.8462770216173	2498
r_pp_light_00217.fits	0	60249.57457009284	2460249.574570093	NaN	NaN	0	1.981001	NaN	-13.2	15	NaN	NaN	5449132.10345948	51772	37.96422893481717	2516
r_pp_light_00218.fits	0	60249.57482546335	2460249.5748254634	NaN	NaN	0	1.983714	NaN	-13.2	15	NaN	NaN	5495938.12256399	49521	37.01868399675061	2462
r_pp_light_00219.fits	0	60249.57508066017	2460249.57508066	NaN	NaN	0	1.986443	NaN	-13.2	15	NaN	NaN	5345710.708287774	45330	38.078306032760686	2503
r_pp_light_00220.fits	0	60249.575336724985	2460249.575336725	NaN	NaN	0	1.989054	NaN	-13.2	15	NaN	NaN	5561861.066221566	50722	36.53931722286153	2607
r_pp_light_00221.fits	0	60249.575591944624	2460249.5755919446	NaN	NaN	0	1.991797	NaN	-13.2	15	NaN	NaN	5675014.724808988	49235	38.58294930875576	2604
r_pp_light_00222.fits	0	60249.57584738452	2460249.5758473845	NaN	NaN	0	1.994548	NaN	-13.2	15	NaN	NaN	5486272.636801536	52982	37.894253790901836	2506
r_pp_light_00223.fits	0	60249.57610255806	2460249.576102558	NaN	NaN	0	1.997305	NaN	-13.2	15	NaN	NaN	5383105.963650784	53660	39.015822784810126	2528
r_pp_light_00224.fits	0	60249.57635794021	2460249.57635794	NaN	NaN	0	2.000048	NaN	-13.2	15	NaN	NaN	5749869.010830798	51657	39.53584158415842	2525
r_pp_light_00225.fits	0	60249.576613842975	2460249.576613843	NaN	NaN	0	2.002848	NaN	-13.2	15	NaN	NaN	5826794.749058692	51202	39.8618368962787	2526
r_pp_light_00226.fits	0	60249.57686949102	2460249.576869491	NaN	NaN	0	2.005619	NaN	-13.2	15	NaN	NaN	5490289.797954079	47649	39.52557390253725	2483
r_pp_light_00227.fits	0	60249.57712468784	2460249.577124688	NaN	NaN	0	2.008267	NaN	-13.2	15	NaN	NaN	5654837.64865479	47121	39.863802188893395	2467
r_pp_light_00228.fits	0	60249.577380138915	2460249.577380139	NaN	NaN	0	2.011061	NaN	-13.2	15	NaN	NaN	5479251.309595425	47543	38.97528363047002	2468
r_pp_light_00229.fits	0	60249.57763601886	2460249.577636019	NaN	NaN	0	2.013866	NaN	-13.2	15	NaN	NaN	5721797.361436392	50057	40.82042113627334	2517
r_pp_light_00230.fits	0	60249.57789137773	2460249.5778913777	NaN	NaN	0	2.016673	NaN	-13.2	15	NaN	NaN	5581892.538734606	50590	41.6046974522293	2512
r_pp_light_00231.fits	0	60249.578147280496	2460249.5781472805	NaN	NaN	0	2.019493	NaN	-13.2	15	NaN	NaN	5250976.273627773	52656	39.48608903020668	2516
r_pp_light_00232.fits	0	60249.578402349725	2460249.5784023497	NaN	NaN	0	2.022301	NaN	-13.2	15	NaN	NaN	5752106.8022195855	49307	41.3498997995992	2495
r_pp_light_00233.fits	0	60249.578657743055	2460249.578657743	NaN	NaN	0	2.025118	NaN	-13.2	15	NaN	NaN	5630747.6604929725	47880	40.00040584415584	2464
r_pp_light_00234.fits	0	60249.57891380787	2460249.578913808	NaN	NaN	0	2.027961	NaN	-13.2	15	NaN	NaN	5018819.748637455	51465	39.26628194558945	2426
r_pp_light_00235.fits	0	60249.57916917838	2460249.5791691784	NaN	NaN	0	2.030804	NaN	-13.2	15	NaN	NaN	5581820.713518044	48103	39.93856794141578	2458
r_pp_light_00236.fits	0	60249.57942445623	2460249.579424456	NaN	NaN	0	2.033642	NaN	-13.2	15	NaN	NaN	5183090.572911288	48443	40.053754940711464	2530
r_pp_light_00237.fits	0	60249.57967991941	2460249.5796799194	NaN	NaN	0	2.036371	NaN	-13.2	15	NaN	NaN	5323035.726014658	45815	40.95194598888006	2518
r_pp_light_00238.fits	0	60249.57993539376	2460249.5799353938	NaN	NaN	0	2.039236	NaN	-13.2	15	NaN	NaN	5371540.161462708	47118	41.39904038384646	2501
r_pp_light_00239.fits	0	60249.58019062504	2460249.580190625	NaN	NaN	0	2.042095	NaN	-13.2	15	NaN	NaN	6473302.852530968	49294	43.01305589555284	2451
r_pp_light_00240.fits	0	60249.58044574084	2460249.580445741	NaN	NaN	0	2.044971	NaN	-13.2	15	NaN	NaN	5667626.0073859515	48937	40.704970178926445	2515
