Label	Saturated	J.D.-2400000	JD_UTC	JD_SOBS	HJD_UTC	BJD_TDB	AIRMASS	ALT_OBJ	CCD-TEMP	EXPTIME	RAOBJ2K	DECOBJ2K	Source-Sky_T1	Source_SNR_T1	Peak_T1	Sky/Pixel_T1	N_Sky_Pixels_T1
r_pp_light_00001.fit	59080	60180.42324517388	2460180.423245174	NaN	NaN	0	1.139809	NaN	-10.2	15	NaN	NaN	26277272.28069583	4052.0075169325814	59080	65.98314014752371	4745
r_pp_light_00002.fit	59633	60180.423501586076	2460180.423501586	NaN	NaN	0	1.140429	NaN	-10.2	15	NaN	NaN	23205834.54753223	3734.9801569602296	59633	62.031903874041845	4827
r_pp_light_00003.fit	60021	60180.42375802109	2460180.423758021	NaN	NaN	0	1.141051	NaN	-10.2	15	NaN	NaN	24317446.531645358	3849.229119736081	60021	66.55907534246575	4672
r_pp_light_00004.fit	60538	60180.4240137618	2460180.424013762	NaN	NaN	0	1.141673	NaN	-10.2	15	NaN	NaN	22923574.52601585	3703.5332124321035	60538	64.66074043087221	4781
r_pp_light_00005.fit	61558	60180.42426956026	2460180.4242695603	NaN	NaN	0	1.142296	NaN	-10.2	15	NaN	NaN	22520592.65035842	3660.195781580446	61558	66.99146366854049	4803
r_pp_light_00006.fit	61198	60180.42452524323	2460180.424525243	NaN	NaN	0	1.142922	NaN	-10.2	15	NaN	NaN	22345743.016213343	3638.0786561305076	61198	66.03221649484536	4656
r_pp_light_00007.fit	61927	60180.424780949485	2460180.4247809495	NaN	NaN	0	1.143549	NaN	-10.2	15	NaN	NaN	22759897.204998836	3684.187943609036	61927	66.45081793074145	4707
r_pp_light_00008.fit	60276	60180.4250373384	2460180.4250373384	NaN	NaN	0	1.144179	NaN	-10.2	15	NaN	NaN	31090119.54887267	4513.983878234744	60276	67.11629899336046	4669
r_pp_light_00009.fit	61841	60180.425293136854	2460180.425293137	NaN	NaN	0	1.144809	NaN	-10.2	15	NaN	NaN	23761778.95026001	3791.3903945842685	61841	68.1176720475786	4708
r_pp_light_00010.fit	61089	60180.42554892367	2460180.4255489237	NaN	NaN	0	1.145442	NaN	-10.2	15	NaN	NaN	27276674.91454234	4149.140499433882	61089	65.47038478166883	4626
r_pp_light_00011.fit	61094	60180.42580464156	2460180.4258046416	NaN	NaN	0	1.146076	NaN	-10.2	15	NaN	NaN	26887889.49924027	4111.605434199516	61094	66.83960650128314	4676
r_pp_light_00012.fit	61162	60180.42606103048	2460180.4260610305	NaN	NaN	0	1.146713	NaN	-10.2	15	NaN	NaN	27224690.86145823	4144.609719017137	61162	67.4374329255205	4659
r_pp_light_00013.fit	59982	60180.42631678283	2460180.426316783	NaN	NaN	0	1.14735	NaN	-10.2	15	NaN	NaN	26794290.849182114	4103.677945320106	59982	65.9069423929099	4739
r_pp_light_00014.fit	61722	60180.42657321785	2460180.426573218	NaN	NaN	0	1.147991	NaN	-10.2	15	NaN	NaN	23030290.732033048	3714.0892569018333	61722	63.92839036755387	4734
r_pp_light_00015.fit	61137	60180.42682895856	2460180.4268289586	NaN	NaN	0	1.148632	NaN	-10.2	15	NaN	NaN	26700594.773331355	4092.13722855308	61137	64.10492227979275	4632
r_pp_light_00016.fit	60923	60180.42708465317	2460180.427084653	NaN	NaN	0	1.149274	NaN	-10.2	15	NaN	NaN	22506315.343359377	3657.1117435758088	60923	63.129052765416404	4719
r_pp_light_00017.fit	60010	60180.42734030122	2460180.427340301	NaN	NaN	0	1.149918	NaN	-10.2	15	NaN	NaN	21392795.234178975	3534.982841505011	60010	63.333614153327716	4748
r_pp_light_00018.fit	59362	60180.427595949266	2460180.4275959493	NaN	NaN	0	1.150564	NaN	-10.2	15	NaN	NaN	21798647.067302216	3581.074426060996	59362	63.62372316030853	4797
r_pp_light_00019.fit	58476	60180.427851608954	2460180.427851609	NaN	NaN	0	1.151212	NaN	-10.2	15	NaN	NaN	21592715.83361037	3554.4336751375226	58476	65.06425789701429	4622
r_pp_light_00020.fit	59039	60180.42810734967	2460180.4281073497	NaN	NaN	0	1.151861	NaN	-10.2	15	NaN	NaN	20371700.70314767	3416.3538177933674	59039	63.38990426457789	4596
r_pp_light_00021.fit	58735	60180.42836307874	2460180.4283630787	NaN	NaN	0	1.152512	NaN	-10.2	15	NaN	NaN	22333693.618075155	3638.8830858239153	58735	63.03602275121129	4747
r_pp_light_00022.fit	58330	60180.42861876171	2460180.4286187617	NaN	NaN	0	1.153165	NaN	-10.2	15	NaN	NaN	23261311.352712106	3738.041923010259	58330	61.957986777564514	4689
r_pp_light_00023.fit	58868	60180.4288744214	2460180.4288744214	NaN	NaN	0	1.15382	NaN	-10.2	15	NaN	NaN	25687421.543868553	3993.3635865124156	58868	63.81089542892924	4791
r_pp_light_00024.fit	59056	60180.429130069446	2460180.4291300694	NaN	NaN	0	1.154476	NaN	-10.2	15	NaN	NaN	22744950.029106352	3683.8966566180784	59056	65.03336130927403	4766
r_pp_light_00025.fit	58409	60180.42938579898	2460180.429385799	NaN	NaN	0	1.155134	NaN	-10.2	15	NaN	NaN	18825126.415426895	3237.344143204962	58409	58.47595428078499	4637
r_pp_light_00027.fit	59550	60180.42989803245	2460180.4298980325	NaN	NaN	0	1.156458	NaN	-10.2	15	NaN	NaN	20587564.84473673	3444.3309921357977	59550	69.9679245283019	4770
r_pp_light_00028.fit	59577	60180.43015373871	2460180.4301537387	NaN	NaN	0	1.157121	NaN	-10.2	15	NaN	NaN	24951365.61393351	3916.4656633381674	59577	71.51432785503582	4746
r_pp_light_00029.fit	58586	60180.43041006988	2460180.43041007	NaN	NaN	0	1.157788	NaN	-10.2	15	NaN	NaN	23421429.159714885	3755.097610486965	58586	71.44333616298812	4712
r_pp_light_00030.fit	59529	60180.430666400585	2460180.4306664006	NaN	NaN	0	1.158457	NaN	-10.2	15	NaN	NaN	25888997.49719028	4014.2039884873425	59529	71.49896480331263	4830
r_pp_light_00031.fit	60124	60180.43092210684	2460180.430922107	NaN	NaN	0	1.159126	NaN	-10.2	15	NaN	NaN	23183606.293462582	3732.4804280349335	60124	68.58904958677687	4840
r_pp_light_00032.fit	58632	60180.43117780099	2460180.431177801	NaN	NaN	0	1.159797	NaN	-10.2	15	NaN	NaN	24439289.416377738	3863.1345137662684	58632	68.62256973795435	4732
r_pp_light_00033.fit	59750	60180.43143348396	2460180.431433484	NaN	NaN	0	1.160469	NaN	-10.2	15	NaN	NaN	23842847.51096141	3800.5180354824633	59750	66.01586294416244	4728
r_pp_light_00034.fit	60368	60180.43168983841	2460180.4316898384	NaN	NaN	0	1.161145	NaN	-10.2	15	NaN	NaN	22831534.998859037	3690.144751589931	60368	63.97726288436552	4618
r_pp_light_00035.fit	59810	60180.431946145836	2460180.431946146	NaN	NaN	0	1.161822	NaN	-10.2	15	NaN	NaN	21032105.11089633	3493.1202691736357	59810	65.00021344717183	4685
r_pp_light_00036.fit	61155	60180.432202569675	2460180.4322025697	NaN	NaN	0	1.162502	NaN	-10.2	15	NaN	NaN	21118214.492169004	3504.379502960313	61155	69.51718357082984	4772
r_pp_light_00037.fit	61752	60180.43245822936	2460180.4324582294	NaN	NaN	0	1.163181	NaN	-10.2	15	NaN	NaN	20448950.263232656	3428.311680546137	61752	68.49085173501577	4755
r_pp_light_00038.fit	59708	60180.43271398172	2460180.4327139817	NaN	NaN	0	1.163863	NaN	-10.2	15	NaN	NaN	22235815.333342236	3626.007018638294	59708	68.00021463833441	4659
r_pp_light_00039.fit	59642	60180.43296960648	2460180.4329696065	NaN	NaN	0	1.164546	NaN	-10.2	15	NaN	NaN	18736389.90937177	3228.257962317128	59642	63.897881355932206	4720
r_pp_light_00040.fit	59792	60180.43322524335	2460180.4332252434	NaN	NaN	0	1.165231	NaN	-10.2	15	NaN	NaN	18977661.69565954	3257.730778978799	59792	66.42689322425005	4767
r_pp_light_00041.fit	59132	60180.433481030166	2460180.43348103	NaN	NaN	0	1.165918	NaN	-10.2	15	NaN	NaN	22055570.357393682	3604.039981742723	59132	67.44417635446369	4559
r_pp_light_00042.fit	59336	60180.43373672478	2460180.433736725	NaN	NaN	0	1.166606	NaN	-10.2	15	NaN	NaN	17835574.700292826	3118.206968168962	59336	64.40288234028823	4649
