Label	Saturated	J.D.-2400000	JD_UTC	JD_SOBS	HJD_UTC	BJD_TDB	AIRMASS	ALT_OBJ	CCD-TEMP	EXPTIME	RAOBJ2K	DECOBJ2K	Source-Sky_T1	Source_SNR_T1	Peak_T1	Sky/Pixel_T1	N_Sky_Pixels_T1
r_pp_light_00001.fits	57882	60180.47782929381	2460180.477829294	NaN	NaN	0	1.189372	NaN	-10.3	20	NaN	NaN	11231620.289200436	2543.053305097136	57882	27.417696381288614	4532
r_pp_light_00002.fits	57454	60180.47814322915	2460180.478143229	NaN	NaN	0	1.189753	NaN	-10.3	20	NaN	NaN	13043890.943959165	2809.336393647016	57454	28.886442641946697	4315
r_pp_light_00003.fits	57054	60180.47845771955	2460180.4784577196	NaN	NaN	0	1.190136	NaN	-10.3	20	NaN	NaN	12122510.952392336	2676.5855199596094	57054	29.133363370128407	4439
r_pp_light_00004.fits	57741	60180.47877151612	2460180.478771516	NaN	NaN	0	1.190518	NaN	-10.3	20	NaN	NaN	12173826.428700205	2684.7900693865395	57741	30.35674594354301	4499
r_pp_light_00005.fits	57893	60180.4790852312	2460180.479085231	NaN	NaN	0	1.190902	NaN	-10.3	20	NaN	NaN	12635308.151814062	2750.893514958381	57893	30.990827791790874	4361
r_pp_light_00006.fits	57290	60180.47939903941	2460180.4793990394	NaN	NaN	0	1.191287	NaN	-10.3	20	NaN	NaN	12742164.66058401	2765.026779090331	57290	32.80338664158043	4252
r_pp_light_00007.fits	57864	60180.47971283551	2460180.4797128355	NaN	NaN	0	1.191672	NaN	-10.3	20	NaN	NaN	13072419.533601906	2814.9342430795014	57864	30.90643930895221	4457
r_pp_light_00008.fits	57569	60180.48002655059	2460180.4800265506	NaN	NaN	0	1.192059	NaN	-10.3	20	NaN	NaN	11578330.514541201	2595.6414939331507	57569	31.35809312638581	4510
r_pp_light_00009.fits	57457	60180.4803403588	2460180.480340359	NaN	NaN	0	1.192447	NaN	-10.3	20	NaN	NaN	11882509.657772567	2641.172813343059	57457	32.29148082069581	4484
r_pp_light_00010.fits	58343	60180.480654154904	2460180.480654155	NaN	NaN	0	1.192835	NaN	-10.2	20	NaN	NaN	11193672.923657184	2534.7105493758577	58343	30.95903725989354	4321
r_pp_light_00011.fits	56910	60180.480968009215	2460180.480968009	NaN	NaN	0	1.193225	NaN	-10.2	20	NaN	NaN	12477548.834548168	2727.867303870591	56910	31.556422018348623	4360
r_pp_light_00012.fits	56706	60180.4812818286	2460180.4812818286	NaN	NaN	0	1.193616	NaN	-10.2	20	NaN	NaN	12577612.73366639	2742.910653368443	56706	32.83038147138964	4404
r_pp_light_00013.fits	56743	60180.48159567127	2460180.4815956713	NaN	NaN	0	1.194008	NaN	-10.2	20	NaN	NaN	12205983.18530798	2690.4649886921056	56743	30.623065184216262	4587
r_pp_light_00014.fits	57304	60180.481909479015	2460180.481909479	NaN	NaN	0	1.1944	NaN	-10.2	20	NaN	NaN	12702338.379945349	2761.0763056563387	57304	31.42357483533954	4403
r_pp_light_00015.fits	58031	60180.4822232523	2460180.4822232523	NaN	NaN	0	1.194794	NaN	-10.3	20	NaN	NaN	13120746.73024549	2822.774188862963	58031	29.50782110597048	4539
r_pp_light_00016.fits	58387	60180.48253696738	2460180.4825369674	NaN	NaN	0	1.195189	NaN	-10.3	20	NaN	NaN	13751408.214032685	2910.16760516067	58387	32.3115236585918	4417
r_pp_light_00017.fits	58615	60180.482851597015	2460180.482851597	NaN	NaN	0	1.195586	NaN	-10.2	20	NaN	NaN	13592495.597511042	2888.567291416967	58615	31.2140618002687	4466
r_pp_light_00018.fits	57794	60180.48316530092	2460180.483165301	NaN	NaN	0	1.195982	NaN	-10.3	20	NaN	NaN	14406445.548313314	3001.673858168743	57794	30.534817100044073	4538
r_pp_light_00019.fits	58431	60180.48347974522	2460180.483479745	NaN	NaN	0	1.196381	NaN	-10.3	20	NaN	NaN	12898683.213901542	2791.1663753851467	58431	30.862341078474355	4562
r_pp_light_00020.fits	57317	60180.48379430547	2460180.4837943055	NaN	NaN	0	1.196781	NaN	-10.3	20	NaN	NaN	12766131.000986645	2772.081251361592	57317	30.08770006577505	4561
r_pp_light_00021.fits	57908	60180.4841081365	2460180.4841081365	NaN	NaN	0	1.197181	NaN	-10.3	20	NaN	NaN	12368405.148788322	2713.2719227057523	57908	29.998213887028353	4479
r_pp_light_00022.fits	55481	60180.48442201363	2460180.4844220136	NaN	NaN	0	1.197582	NaN	-10.3	20	NaN	NaN	16000244.386932282	3211.1882458510913	55481	33.42505087044992	4423
r_pp_light_00023.fits	57298	60180.48473572917	2460180.484735729	NaN	NaN	0	1.197984	NaN	-10.3	20	NaN	NaN	14851495.796464207	3061.025564546706	57298	31.37279428188519	4477
r_pp_light_00024.fits	57150	60180.48504943261	2460180.4850494326	NaN	NaN	0	1.198386	NaN	-10.3	20	NaN	NaN	12991535.038664646	2801.8306230263843	57150	30.52777777777778	4320
r_pp_light_00025.fits	57241	60180.48536334466	2460180.4853633447	NaN	NaN	0	1.198791	NaN	-10.3	20	NaN	NaN	12676161.022215877	2757.2986734187903	57241	31.02475584828526	4403
r_pp_light_00026.fits	59732	60180.485677904915	2460180.485677905	NaN	NaN	0	1.199196	NaN	-10.3	20	NaN	NaN	12239863.671777165	2693.822701914208	59732	32.29076576576576	4440
r_pp_light_00027.fits	58068	60180.48599233758	2460180.4859923376	NaN	NaN	0	1.199603	NaN	-10.2	20	NaN	NaN	11780764.516424883	2623.941746364486	58068	32.54697286012526	4311
r_pp_light_00028.fits	58359	60180.48630622681	2460180.486306227	NaN	NaN	0	1.20001	NaN	-10.2	20	NaN	NaN	12139822.354050111	2678.622138988274	58359	33.93718820861678	4410
r_pp_light_00029.fits	57270	60180.486620022915	2460180.486620023	NaN	NaN	0	1.200418	NaN	-10.2	20	NaN	NaN	13350649.407015363	2854.2879047055353	57270	33.12898876404494	4450
r_pp_light_00030.fits	59025	60180.48693466419	2460180.486934664	NaN	NaN	0	1.200829	NaN	-10.3	20	NaN	NaN	13913611.497819694	2933.3991676470637	59025	32.51661833593576	4483
r_pp_light_00031.fits	56706	60180.48724914342	2460180.4872491434	NaN	NaN	0	1.201239	NaN	-10.2	20	NaN	NaN	14611732.045972982	3028.387087753548	56706	32.999550157444894	4446
r_pp_light_00032.fits	56619	60180.48756340239	2460180.4875634024	NaN	NaN	0	1.201651	NaN	-10.3	20	NaN	NaN	16084203.32297599	3221.741379785761	56619	33.549420586230404	4401
r_pp_light_00033.fits	56063	60180.48787739547	2460180.4878773955	NaN	NaN	0	1.202063	NaN	-10.3	20	NaN	NaN	15252313.926115066	3112.2780689250985	56063	34.61397400185701	4308
r_pp_light_00034.fits	57330	60180.48819239577	2460180.488192396	NaN	NaN	0	1.202478	NaN	-10.3	20	NaN	NaN	15657126.000669364	3166.233944499764	57330	32.570057142857145	4375
r_pp_light_00035.fits	57166	60180.48850628454	2460180.4885062845	NaN	NaN	0	1.202892	NaN	-10.3	20	NaN	NaN	13530201.57314353	2878.1098103662657	57166	32.43747105141269	4318
r_pp_light_00036.fits	57131	60180.48882020824	2460180.4888202082	NaN	NaN	0	1.203308	NaN	-10.3	20	NaN	NaN	14119421.60205962	2961.8362453658633	57131	32.86592427616927	4490
r_pp_light_00037.fits	57786	60180.48913502321	2460180.489135023	NaN	NaN	0	1.203725	NaN	-10.3	20	NaN	NaN	15053501.11828294	3087.2811920248623	57786	32.43300135808058	4418
r_pp_light_00038.fits	57280	60180.4894497334	2460180.4894497334	NaN	NaN	0	1.204144	NaN	-10.3	20	NaN	NaN	14357499.524982816	2992.6236849979255	57280	29.883564814814815	4320
r_pp_light_00039.fits	57973	60180.489763610996	2460180.489763611	NaN	NaN	0	1.204562	NaN	-10.3	20	NaN	NaN	14302444.56944909	2986.4107011906394	57973	29.632077599819535	4433
r_pp_light_00040.fits	56742	60180.49007756915	2460180.490077569	NaN	NaN	0	1.204981	NaN	-10.3	20	NaN	NaN	13495539.077362726	2873.52608258541	56742	27.99329634766528	4326
