Label	Saturated	J.D.-2400000	JD_UTC	JD_SOBS	HJD_UTC	BJD_TDB	AIRMASS	ALT_OBJ	CCD-TEMP	EXPTIME	RAOBJ2K	DECOBJ2K	Source-Sky_T1	Source_SNR_T1	Peak_T1	Sky/Pixel_T1	N_Sky_Pixels_T1	Source-Sky_C2	Source_SNR_C2	Peak_C2	Sky/Pixel_C2	N_Sky_Pixels_C2
r_pp_light_00001.fits	0	60229.307415578514	2460229.3074155785	NaN	NaN	0	1.214326	NaN	-10.3	60	NaN	NaN	6344566.436895574	1983.2075419578086	33557	0	4400	4446214.485559566	1559.9026647548371	33122	0	4424
r_pp_light_00002.fits	0	60229.30819113413	2460229.308191134	NaN	NaN	0	1.216639	NaN	-10.4	60	NaN	NaN	6316072.532068027	1977.6592913101547	36683	0	4479	4554364.011443662	1586.3592628954048	34750	0	4478
r_pp_light_00003.fits	0	60229.308967673685	2460229.3089676737	NaN	NaN	0	1.218981	NaN	-10.3	60	NaN	NaN	5632941.362832528	1833.2779727109464	38952	0	4475	4195393.370873925	1497.9967035855586	35154	0	4472
r_pp_light_00004.fits	0	60229.30974493036	2460229.3097449304	NaN	NaN	0	1.221355	NaN	-10.4	60	NaN	NaN	5936430.053072695	1898.454734636471	34153	0	4478	4354011.965933349	1537.4705760199029	34149	0	4476
r_pp_light_00005.fits	0	60229.3105208911	2460229.310520891	NaN	NaN	0	1.223753	NaN	-10.3	60	NaN	NaN	6151033.13366983	1943.5256678299766	34272	0	4477	4533097.882905523	1581.2053360124912	34462	0	4474
r_pp_light_00006.fits	0	60229.31129667815	2460229.311296678	NaN	NaN	0	1.226176	NaN	-10.4	60	NaN	NaN	5895858.391345458	1889.8302975573035	36067	0	4475	4388725.55990059	1546.022581051877	35138	0	4478
r_pp_light_00007.fits	0	60229.31207291642	2460229.3120729164	NaN	NaN	0	1.228632	NaN	-10.3	60	NaN	NaN	5814993.983928716	1872.6070283222043	34594	0	4484	4317999.102193216	1528.5609756144097	34047	0	4473
r_pp_light_00008.fits	0	60229.312848622445	2460229.3128486224	NaN	NaN	0	1.231113	NaN	-10.4	60	NaN	NaN	6029127.691665775	1918.023831333307	35300	0	4478	4420324.514440827	1553.7470814524224	33909	0	4471
r_pp_light_00009.fits	0	60229.31362509262	2460229.3136250926	NaN	NaN	0	1.233632	NaN	-10.3	60	NaN	NaN	6065750.269188933	1925.7281096867125	34902	0	4482	4479718.07066418	1568.2655948767806	33990	0	4477
r_pp_light_00010.fits	0	60229.314401400276	2460229.3144014003	NaN	NaN	0	1.236174	NaN	-10.3	60	NaN	NaN	6150571.828837114	1943.4185026320436	34335	0	4474	4543185.9018992055	1583.6409719141425	33464	0	4473
r_pp_light_00011.fits	0	60229.31517959479	2460229.315179595	NaN	NaN	0	1.238759	NaN	-10.3	60	NaN	NaN	6409929.622678739	1996.8279926986445	34424	0	4469	4504660.674239284	1574.3224913519919	33902	0	4476
r_pp_light_00012.fits	0	60229.31595599558	2460229.3159559956	NaN	NaN	0	1.241364	NaN	-10.3	60	NaN	NaN	6124071.521105622	1937.9253209560131	34615	0	4482	4467979.252476182	1565.3967016075712	33843	0	4474
r_pp_light_00013.fits	0	60229.31673187483	2460229.316731875	NaN	NaN	0	1.243998	NaN	-10.3	60	NaN	NaN	6231209.078527537	1960.1278981990126	33045	0	4468	4592761.401410063	1595.5799874486024	33273	0	4470
r_pp_light_00014.fits	0	60229.317507696804	2460229.317507697	NaN	NaN	0	1.246663	NaN	-10.3	60	NaN	NaN	6518469.759388445	2018.8534074320648	35257	0	4467	4558720.884280991	1587.3664940712129	34350	0	4466
r_pp_light_00015.fits	0	60229.31828368036	2460229.3182836804	NaN	NaN	0	1.249363	NaN	-10.3	60	NaN	NaN	6502985.966386379	2015.762601783545	34395	0	4478	4609465.546030438	1599.5925694010239	33085	0	4470
r_pp_light_00016.fits	0	60229.31906070607	2460229.319060706	NaN	NaN	0	1.25205	NaN	-10.3	60	NaN	NaN	6479632.8326084465	2011.0507086636883	34514	0	4483	4507235.288442697	1574.914002495168	33263	0	4467
r_pp_light_00017.fits	0	60229.31983667845	2460229.3198366784	NaN	NaN	0	1.254808	NaN	-10.3	60	NaN	NaN	6375562.2812825255	1989.8455485734535	32517	0	4478	4612143.678682467	1600.2536946375292	32386	0	4475
r_pp_light_00018.fits	0	60229.32061187504	2460229.320611875	NaN	NaN	0	1.257595	NaN	-10.3	60	NaN	NaN	6165356.704949261	1946.4982531088074	36264	0	4475	4569679.443117209	1590.0349083256897	33740	0	4473
r_pp_light_00019.fits	0	60229.32138756942	2460229.3213875694	NaN	NaN	0	1.260434	NaN	-10.3	60	NaN	NaN	5213863.43029683	1740.1712881204962	31836	0	4428	3745500.1102070645	1381.9981215937537	32269	0	4437
r_pp_light_00020.fits	0	60229.32216340257	2460229.3221634026	NaN	NaN	0	1.26327	NaN	-10.3	60	NaN	NaN	6191668.516086113	1951.9595768722681	34368	0	4474	4494939.750134846	1571.9513650362842	33784	0	4473
r_pp_light_00021.fits	0	60229.32294125017	2460229.32294125	NaN	NaN	0	1.266164	NaN	-10.3	60	NaN	NaN	5844844.355324847	1878.9391367064743	33173	0	4470	4443237.019860224	1559.3650505318801	32848	0	4475
r_pp_light_00022.fits	0	60229.32371750008	2460229.3237175	NaN	NaN	0	1.269084	NaN	-10.3	60	NaN	NaN	6050189.684455432	1922.4267033990584	33604	0	4472	4392855.454698112	1547.0296775940656	32297	0	4476
r_pp_light_00023.fits	0	60229.324493564665	2460229.3244935647	NaN	NaN	0	1.272041	NaN	-10.4	60	NaN	NaN	6142222.885451568	1941.7242724337382	34151	0	4486	4335240.307275881	1532.8365473406727	32650	0	4476
r_pp_light_00024.fits	0	60229.32526940992	2460229.32526941	NaN	NaN	0	1.275023	NaN	-10.4	60	NaN	NaN	6127893.608281232	1938.7040895899609	36345	0	4477	4483438.716808184	1569.1301491875795	36147	0	4466
r_pp_light_00025.fits	0	60229.32604538184	2460229.326045382	NaN	NaN	0	1.278043	NaN	-10.3	60	NaN	NaN	5236467.149011431	1745.4593967124881	35271	0	4477	4036403.8780504907	1457.7080064312524	33770	0	4464
r_pp_light_00026.fits	0	60229.32682163175	2460229.3268216318	NaN	NaN	0	1.281049	NaN	-10.4	60	NaN	NaN	5840122.816537907	1877.9490301386857	34817	0	4475	4408782.93291186	1550.9523993281102	34212	0	4480
r_pp_light_00027.fits	0	60229.32759759249	2460229.3275975925	NaN	NaN	0	1.284141	NaN	-10.4	60	NaN	NaN	6082641.867827102	1929.2409108741979	34606	0	4475	4608618.543555169	1599.4187684292592	33853	0	4478
r_pp_light_00028.fits	0	60229.32837337954	2460229.3283733795	NaN	NaN	0	1.287259	NaN	-10.3	60	NaN	NaN	5927092.242965065	1896.4823753125381	34816	0	4480	4514048.351468884	1576.5956927317113	33863	0	4475
r_pp_light_00029.fits	0	60229.32914987253	2460229.3291498725	NaN	NaN	0	1.290422	NaN	-10.4	60	NaN	NaN	6009321.031841221	1913.8218686417995	34768	0	4469	4477293.2433867445	1567.6718780734027	33903	0	4476
r_pp_light_00030.fits	0	60229.329926076345	2460229.3299260763	NaN	NaN	0	1.293616	NaN	-10.3	60	NaN	NaN	5951538.432601596	1901.6620687750712	34778	0	4480	4471242.245572711	1566.187770941875	33572	0	4473
r_pp_light_00031.fits	0	60229.33070506947	2460229.3307050695	NaN	NaN	0	1.296857	NaN	-10.3	60	NaN	NaN	5536488.532421821	1812.1981362216286	35416	0	4474	4297412.106187111	1523.4546217708726	33693	0	4472
r_pp_light_00032.fits	0	60229.33148135431	2460229.3314813543	NaN	NaN	0	1.300123	NaN	-10.4	60	NaN	NaN	5639110.354960277	1834.6272593819733	34946	0	4477	4380782.712660159	1544.0262064208289	33911	0	4466
r_pp_light_00033.fits	0	60229.33225714136	2460229.3322571414	NaN	NaN	0	1.303419	NaN	-10.3	60	NaN	NaN	5691224.489131349	1845.9412876508375	34810	0	4479	4321268.418658178	1529.3775828752782	34171	0	4475
r_pp_light_00034.fits	0	60229.3330334723	2460229.3330334723	NaN	NaN	0	1.306762	NaN	-10.4	60	NaN	NaN	5659086.458964919	1838.9636723335893	36127	0	4476	4332040.347211995	1532.0419853651445	34095	0	4475
r_pp_light_00035.fits	0	60229.33380931709	2460229.333809317	NaN	NaN	0	1.310133	NaN	-10.3	60	NaN	NaN	5201395.87615688	1737.519864544428	36153	0	4473	4072244.8461269396	1466.8728394913435	34441	0	4471
r_pp_light_00036.fits	0	60229.33458499983	2460229.334585	NaN	NaN	0	1.313496	NaN	-10.3	60	NaN	NaN	5248325.611328613	1748.1626243516307	36002	0	4485	4064705.2824424272	1464.9897854638014	34069	0	4481
r_pp_light_00037.fits	0	60229.33536098385	2460229.335360984	NaN	NaN	0	1.316942	NaN	-10.4	60	NaN	NaN	5592626.6254276885	1824.51299739533	35626	0	4481	4313336.250907886	1527.3989121053662	34285	0	4471
r_pp_light_00038.fits	0	60229.336136678234	2460229.3361366782	NaN	NaN	0	1.320428	NaN	-10.4	60	NaN	NaN	5429428.39972976	1788.5893333434271	36191	0	4474	4234737.029630058	1507.8156581452524	35191	0	4463
r_pp_light_00039.fits	0	60229.336913066916	2460229.336913067	NaN	NaN	0	1.323955	NaN	-10.4	60	NaN	NaN	5031384.4238387225	1698.7381794091139	38679	0	4476	3945145.387665551	1434.3171176216101	34926	0	4478
r_pp_light_00040.fits	0	60229.33768831007	2460229.33768831	NaN	NaN	0	1.327517	NaN	-10.3	60	NaN	NaN	5229061.882816921	1743.8030965932962	36190	0	4481	4049575.848472797	1461.1003541260764	35114	0	4472
r_pp_light_00041.fits	0	60229.33846746525	2460229.3384674652	NaN	NaN	0	1.33114	NaN	-10.3	60	NaN	NaN	5394358.263579724	1780.813024803873	34466	0	4476	4186317.311634114	1495.677511610149	35327	0	4461
r_pp_light_00042.fits	0	60229.33924315963	2460229.3392431596	NaN	NaN	0	1.334782	NaN	-10.3	60	NaN	NaN	5906360.553218673	1892.0738762354915	34839	0	4478	4562790.591545996	1588.3961493311697	34273	0	4479
r_pp_light_00043.fits	0	60229.34001959488	2460229.340019595	NaN	NaN	0	1.338469	NaN	-10.3	60	NaN	NaN	5399502.1710987585	1781.9488419911102	34334	0	4474	4233954.691858915	1507.6385365919764	34516	0	4468
r_pp_light_00044.fits	0	60229.340795347	2460229.340795347	NaN	NaN	0	1.342192	NaN	-10.3	60	NaN	NaN	6091837.619859423	1931.1949627923063	33506	0	4483	4555557.144968199	1586.6472576910937	33146	0	4478
r_pp_light_00045.fits	0	60229.34157224512	2460229.341572245	NaN	NaN	0	1.345906	NaN	-10.3	60	NaN	NaN	6001758.337851629	1912.295149269655	33883	0	4487	4467979.619500124	1565.3746966657973	33549	0	4468
r_pp_light_00046.fits	0	60229.342348588165	2460229.342348588	NaN	NaN	0	1.349714	NaN	-10.3	60	NaN	NaN	6065847.6874805	1925.718869141822	33776	0	4474	4498453.000084407	1572.8193198430763	33346	0	4477
r_pp_light_00047.fits	0	60229.3431251389	2460229.343125139	NaN	NaN	0	1.353569	NaN	-10.3	60	NaN	NaN	5851948.139078304	1880.4820248306091	33928	0	4477	4509576.95095194	1575.5114850795746	34165	0	4475
r_pp_light_00048.fits	0	60229.343901446555	2460229.3439014466	NaN	NaN	0	1.357456	NaN	-10.3	60	NaN	NaN	5773832.566291485	1863.7286377120772	33638	0	4471	4456892.805803485	1562.7090702190285	33109	0	4478
r_pp_light_00049.fits	0	60229.34467806714	2460229.344678067	NaN	NaN	0	1.361397	NaN	-10.4	60	NaN	NaN	5755613.626517422	1859.8361676709162	34249	0	4478	4468702.418185828	1565.572862615426	34456	0	4474
r_pp_light_00050.fits	0	60229.345453854185	2460229.345453854	NaN	NaN	0	1.365367	NaN	-10.4	60	NaN	NaN	5490189.070113179	1802.0459499234955	34798	0	4482	4265597.371575847	1515.5095879824084	34814	0	4462
r_pp_light_00051.fits	0	60229.34623284731	2460229.3462328473	NaN	NaN	0	1.369403	NaN	-10.4	60	NaN	NaN	5443293.569869204	1791.667230890465	34605	0	4476	4279363.185822197	1518.9384743844475	34013	0	4463
r_pp_light_00052.fits	0	60229.34700917825	2460229.3470091783	NaN	NaN	0	1.373468	NaN	-10.4	60	NaN	NaN	5277310.742903741	1754.6555551125166	35277	0	4477	4156782.6110378816	1488.2860616074172	34766	0	4472
r_pp_light_00053.fits	0	60229.34778607637	2460229.3477860764	NaN	NaN	0	1.37752	NaN	-10.4	60	NaN	NaN	5459155.199204607	1795.1899066700737	34146	0	4480	4352507.360306638	1537.0627564792062	33824	0	4466
r_pp_light_00054.fits	0	60229.348561817314	2460229.3485618173	NaN	NaN	0	1.381676	NaN	-10.4	60	NaN	NaN	5432980.182178797	1789.368819941868	34658	0	4472	4242358.144461895	1509.741100621851	33681	0	4469
r_pp_light_00055.fits	0	60229.349337662105	2460229.349337662	NaN	NaN	0	1.385878	NaN	-10.4	60	NaN	NaN	5420431.009460595	1786.6021897465598	35697	0	4476	4289209.977382518	1521.4184347104697	33889	0	4472
r_pp_light_00056.fits	0	60229.35011353018	2460229.35011353	NaN	NaN	0	1.390121	NaN	-10.4	60	NaN	NaN	5586395.419720217	1823.1223057076813	34692	0	4473	4366541.860411235	1540.543807590944	34212	0	4472
r_pp_light_00057.fits	0	60229.35089001153	2460229.3508900115	NaN	NaN	0	1.39441	NaN	-10.4	60	NaN	NaN	5839767.1705096895	1877.891586896613	34754	0	4480	4522469.959434788	1578.6252947452751	33231	0	4472
r_pp_light_00058.fits	0	60229.35166557878	2460229.351665579	NaN	NaN	0	1.39875	NaN	-10.4	60	NaN	NaN	5762264.425886488	1861.2821487065748	33112	0	4482	4477915.793918919	1567.7532623190564	32771	0	4457
r_pp_light_00059.fits	0	60229.35244195582	2460229.352441956	NaN	NaN	0	1.403142	NaN	-10.4	60	NaN	NaN	5974267.258571989	1906.4497422371899	33547	0	4475	4558072.176179529	1587.206270489512	33447	0	4465
r_pp_light_00060.fits	0	60229.353217777796	2460229.353217778	NaN	NaN	0	1.407508	NaN	-10.4	60	NaN	NaN	5746718.0223949	1857.9095328763653	33892	0	4475	4521584.843795864	1578.4329845223192	33951	0	4478
r_pp_light_00061.fits	0	60229.353996724356	2460229.3539967244	NaN	NaN	0	1.412002	NaN	-10.3	60	NaN	NaN	5570638.252544443	1819.6847281279752	34845	0	4475	4405231.326933472	1550.0705401956352	34549	0	4477
r_pp_light_00062.fits	0	60229.35477292817	2460229.354772928	NaN	NaN	0	1.416538	NaN	-10.3	60	NaN	NaN	5464403.765132191	1796.3235508082455	33929	0	4473	4344638.45125246	1535.1541190578605	34500	0	4475
r_pp_light_00063.fits	0	60229.355548761785	2460229.355548762	NaN	NaN	0	1.421113	NaN	-10.3	60	NaN	NaN	5536878.427565084	1812.2799826236055	34148	0	4473	4368649.415498994	1541.062788069988	34185	0	4472
r_pp_light_00064.fits	0	60229.35632515047	2460229.3563251505	NaN	NaN	0	1.42575	NaN	-10.3	60	NaN	NaN	5709831.04995406	1849.9656091159095	33935	0	4479	4490874.957401712	1570.937970718905	33668	0	4466
r_pp_light_00065.fits	0	60229.35710112285	2460229.357101123	NaN	NaN	0	1.430432	NaN	-10.3	60	NaN	NaN	5762496.991777295	1861.3247683846262	33847	0	4480	4481870.340057835	1568.7671165355353	33645	0	4471
r_pp_light_00066.fits	0	60229.35787751153	2460229.3578775115	NaN	NaN	0	1.435162	NaN	-10.3	60	NaN	NaN	5951689.739645165	1901.6718303006135	33249	0	4474	4587982.502877668	1594.430740094327	33424	0	4470
r_pp_light_00067.fits	0	60229.35865409719	2460229.358654097	NaN	NaN	0	1.439889	NaN	-10.3	60	NaN	NaN	5741319.288953174	1856.7425802023927	34026	0	4474	4521597.282978821	1578.4249661264485	33408	0	4475
r_pp_light_00068.fits	0	60229.359429838136	2460229.359429838	NaN	NaN	0	1.444725	NaN	-10.3	60	NaN	NaN	5686815.949753366	1844.9942370551923	33267	0	4481	4516548.732237461	1577.164878294905	33549	0	4465
r_pp_light_00069.fits	0	60229.36020622682	2460229.360206227	NaN	NaN	0	1.449618	NaN	-10.3	60	NaN	NaN	5323756.628134825	1765.0779928517711	34321	0	4479	4271165.996421086	1516.9361945014848	34170	0	4473
r_pp_light_00070.fits	0	60229.360982604325	2460229.3609826043	NaN	NaN	0	1.454564	NaN	-10.3	60	NaN	NaN	5538160.865690833	1812.6021874852056	35169	0	4484	4363705.632046974	1539.867214471109	33515	0	4478
r_pp_light_00071.fits	0	60229.3617607872	2460229.361760787	NaN	NaN	0	1.459577	NaN	-10.3	60	NaN	NaN	5578728.040250313	1821.4577275375805	34191	0	4476	4432410.380348069	1556.74477816495	34289	0	4482
r_pp_light_00072.fits	0	60229.362536759116	2460229.362536759	NaN	NaN	0	1.464626	NaN	-10.3	60	NaN	NaN	5335729.072841121	1767.7294417853536	33778	0	4472	4328397.080348158	1531.0934005953065	33532	0	4462
r_pp_light_00073.fits	0	60229.363313356414	2460229.3633133564	NaN	NaN	0	1.469745	NaN	-10.3	60	NaN	NaN	5472978.3092376925	1798.2279709679592	34595	0	4476	4415890.938268073	1552.668611970178	33955	0	4473
r_pp_light_00074.fits	0	60229.36408967571	2460229.3640896757	NaN	NaN	0	1.474843	NaN	-10.3	60	NaN	NaN	5594203.601796858	1824.8610201618872	34343	0	4482	4440949.277923858	1558.7472085642635	33971	0	4459
r_pp_light_00075.fits	0	60229.364865659736	2460229.3648656597	NaN	NaN	0	1.48006	NaN	-10.3	60	NaN	NaN	5809754.16431398	1871.4735922419459	33840	0	4481	4536442.783674005	1582.0144320906195	33985	0	4474
r_pp_light_00076.fits	0	60229.365641446784	2460229.365641447	NaN	NaN	0	1.485346	NaN	-10.3	60	NaN	NaN	5859783.964955239	1882.1429934503328	33429	0	4474	4479155.316241378	1568.1029173092836	33314	0	4470
r_pp_light_00077.fits	0	60229.3664179747	2460229.3664179747	NaN	NaN	0	1.490695	NaN	-10.3	60	NaN	NaN	5868223.649693928	1883.9501369705458	33436	0	4476	4535418.206625199	1581.7408134247273	33721	0	4467
r_pp_light_00078.fits	0	60229.36719436338	2460229.3671943634	NaN	NaN	0	1.496097	NaN	-10.3	60	NaN	NaN	5830683.6999280285	1875.9646148862128	34323	0	4484	4533895.822139901	1581.4130900803732	33547	0	4478
r_pp_light_00079.fits	0	60229.36797019653	2460229.3679701965	NaN	NaN	0	1.501544	NaN	-10.3	60	NaN	NaN	5795216.162376215	1868.3421733840146	33238	0	4477	4478232.172611069	1567.8709174060025	33075	0	4468
r_pp_light_00080.fits	0	60229.36874608789	2460229.368746088	NaN	NaN	0	1.506987	NaN	-10.3	60	NaN	NaN	5894899.676377771	1889.6301177294654	33267	0	4476	4385554.451560185	1545.2213321044273	32725	0	4472
r_pp_light_00081.fits	0	60229.36952377297	2460229.369523773	NaN	NaN	0	1.51258	NaN	-10.3	60	NaN	NaN	5787268.220901438	1866.5994787929667	33264	0	4467	4497656.617574969	1572.614903154588	33526	0	4474
r_pp_light_00082.fits	0	60229.370299652684	2460229.3702996527	NaN	NaN	0	1.518235	NaN	-10.3	60	NaN	NaN	5695540.020077706	1846.8529779462924	33331	0	4473	4510396.825950152	1575.669758130494	33828	0	4464
r_pp_light_00083.fits	0	60229.371075335424	2460229.3710753354	NaN	NaN	0	1.523934	NaN	-10.3	60	NaN	NaN	5741413.575386368	1856.76290030232	33578	0	4474	4472741.764656066	1566.5308011424484	33507	0	4467
r_pp_light_00084.fits	0	60229.371851678006	2460229.371851678	NaN	NaN	0	1.529708	NaN	-10.3	60	NaN	NaN	5764169.605736373	1861.6956656602529	33728	0	4483	4499298.4021087885	1572.9951399235624	33510	0	4469
r_pp_light_00085.fits	0	60229.372627418954	2460229.372627419	NaN	NaN	0	1.535548	NaN	-10.3	60	NaN	NaN	5493381.089289916	1802.7418742774555	34110	0	4480	4433713.146514144	1557.0229458071467	33157	0	4471
r_pp_light_00086.fits	0	60229.37340388866	2460229.3734038887	NaN	NaN	0	1.541372	NaN	-10.4	60	NaN	NaN	5662502.40163732	1839.7050743143332	33445	0	4476	4451745.766491719	1561.453389343321	33354	0	4478
r_pp_light_00087.fits	0	60229.37417953694	2460229.374179537	NaN	NaN	0	1.547331	NaN	-10.4	60	NaN	NaN	5742797.082846606	1857.0275318858169	32941	0	4465	4456754.375619205	1562.6753075717081	33622	0	4478
r_pp_light_00088.fits	0	60229.37495546276	2460229.3749554628	NaN	NaN	0	1.553365	NaN	-10.4	60	NaN	NaN	5810138.914593306	1871.5114427618182	33368	0	4469	4381863.922426429	1544.2588332428807	32657	0	4457
r_pp_light_00089.fits	0	60229.37573106494	2460229.375731065	NaN	NaN	0	1.559472	NaN	-10.4	60	NaN	NaN	5634966.930460671	1833.7223627114527	34555	0	4476	4496382.958835855	1572.2945417338706	33906	0	4471
r_pp_light_00090.fits	0	60229.37650699075	2460229.3765069908	NaN	NaN	0	1.565644	NaN	-10.4	60	NaN	NaN	5585795.401690198	1823.0431003397007	33832	0	4487	4467972.1695872275	1565.3728818218876	33896	0	4468
r_pp_light_00091.fits	0	60229.377284502145	2460229.377284502	NaN	NaN	0	1.5718	NaN	-10.4	60	NaN	NaN	5538628.718948577	1812.6640496092962	33286	0	4473	4429050.485689578	1555.8789623840312	33149	0	4470
r_pp_light_00092.fits	0	60229.37806098396	2460229.378060984	NaN	NaN	0	1.578123	NaN	-10.3	60	NaN	NaN	5294256.878939008	1758.4496437587109	34475	0	4474	4294377.446191988	1522.7161339372176	33983	0	4476
r_pp_light_00093.fits	0	60229.37883686321	2460229.378836863	NaN	NaN	0	1.584507	NaN	-10.3	60	NaN	NaN	5286077.617466644	1756.6063307386637	33756	0	4472	4344562.13027551	1535.1132497469591	33806	0	4469
r_pp_light_00094.fits	0	60229.37961320579	2460229.379613206	NaN	NaN	0	1.590975	NaN	-10.3	60	NaN	NaN	5442248.096494096	1791.4284172655248	34470	0	4474	4365420.647648485	1540.2676632743307	34771	0	4472
r_pp_light_00095.fits	0	60229.38038895838	2460229.3803889584	NaN	NaN	0	1.597499	NaN	-10.3	60	NaN	NaN	5369046.064321668	1775.1868886061511	34224	0	4478	4387805.654594839	1545.7340208970331	32931	0	4461
r_pp_light_00096.fits	0	60229.38116533542	2460229.3811653354	NaN	NaN	0	1.60411	NaN	-10.3	60	NaN	NaN	5552389.355455809	1815.7000179915212	33476	0	4478	4455563.693303779	1562.3885530195018	33918	0	4479
r_pp_light_00097.fits	0	60229.38194107637	2460229.3819410764	NaN	NaN	0	1.610699	NaN	-10.4	60	NaN	NaN	5694531.2379251765	1846.6643811931556	34145	0	4481	4452344.216921531	1561.5663287759085	33579	0	4469
r_pp_light_00098.fits	0	60229.38271706039	2460229.3827170604	NaN	NaN	0	1.617466	NaN	-10.4	60	NaN	NaN	5354741.13307606	1772.0047449079932	34393	0	4480	4363393.263454902	1539.7719242052478	34432	0	4473
r_pp_light_00099.fits	0	60229.3834928358	2460229.383492836	NaN	NaN	0	1.624302	NaN	-10.4	60	NaN	NaN	5341125.178560365	1768.9574859789534	34327	0	4478	4436445.419389004	1557.6466090121894	33872	0	4459
r_pp_light_00100.fits	0	60229.38426953694	2460229.384269537	NaN	NaN	0	1.631226	NaN	-10.4	60	NaN	NaN	5423599.01819639	1787.300958597135	34448	0	4475	4417325.508226654	1553.0089744425243	32972	0	4470
r_pp_light_00101.fits	0	60229.38504723366	2460229.3850472337	NaN	NaN	0	1.638239	NaN	-10.4	60	NaN	NaN	5221014.526657354	1741.9375303628854	35181	0	4468	4305274.6862853	1525.4047961672993	34066	0	4472
r_pp_light_00102.fits	0	60229.38582315948	2460229.3858231595	NaN	NaN	0	1.645319	NaN	-10.4	60	NaN	NaN	4840995.137352993	1654.5207383325292	34872	0	4474	4121492.569874202	1479.3407001538496	34523	0	4463
r_pp_light_00103.fits	0	60229.38659967575	2460229.3865996758	NaN	NaN	0	1.652487	NaN	-10.4	60	NaN	NaN	5156025.0438688155	1727.236247765578	33896	0	4475	4269394.079295648	1516.498860815997	33472	0	4474
r_pp_light_00104.fits	0	60229.38737552101	2460229.387375521	NaN	NaN	0	1.659725	NaN	-10.4	60	NaN	NaN	5501914.637941957	1804.6063323178246	33476	0	4476	4434434.521446782	1557.2250349458316	33251	0	4478
r_pp_light_00105.fits	0	60229.38815175928	2460229.3881517593	NaN	NaN	0	1.667066	NaN	-10.4	60	NaN	NaN	5366911.931399939	1774.7113101580878	33729	0	4478	4292966.847965423	1522.2887345354318	33598	0	4455
r_pp_light_00106.fits	0	60229.38892745366	2460229.3889274537	NaN	NaN	0	1.674371	NaN	-10.3	60	NaN	NaN	5518500.980802794	1808.2808562671828	33690	0	4483	4401635.640864426	1549.1885310619896	34291	0	4477
r_pp_light_00107.fits	0	60229.389703437686	2460229.3897034377	NaN	NaN	0	1.681883	NaN	-10.3	60	NaN	NaN	5453380.891030015	1793.8875118352787	33203	0	4473	4295233.387231619	1522.9578230319005	32779	0	4484
r_pp_light_00108.fits	0	60229.39047925919	2460229.390479259	NaN	NaN	0	1.689484	NaN	-10.3	60	NaN	NaN	5315200.922930381	1763.1591336475979	33439	0	4478	4361631.165526672	1539.326751630715	33163	0	4470
r_pp_light_00109.fits	0	60229.39125579875	2460229.3912557987	NaN	NaN	0	1.697173	NaN	-10.3	60	NaN	NaN	5346870.405589648	1770.233193205202	34766	0	4476	4415179.929761246	1552.453904842567	34304	0	4462
r_pp_light_00110.fits	0	60229.3920316319	2460229.392031632	NaN	NaN	0	1.70494	NaN	-10.4	60	NaN	NaN	5157512.16295891	1727.5853766737994	33643	0	4478	4303123.596157466	1524.8934020052316	34187	0	4478
r_pp_light_00111.fits	0	60229.39281005785	2460229.392810058	NaN	NaN	0	1.712724	NaN	-10.4	60	NaN	NaN	5303103.780662485	1760.430096957311	33916	0	4473	4376468.705863973	1542.9504145756578	33845	0	4462
r_pp_light_00112.fits	0	60229.393585891	2460229.393585891	NaN	NaN	0	1.720685	NaN	-10.4	60	NaN	NaN	5229928.950864645	1743.9803040782886	33910	0	4476	4429001.043674352	1555.8705481440788	33927	0	4471
r_pp_light_00113.fits	0	60229.39436288178	2460229.394362882	NaN	NaN	0	1.728745	NaN	-10.4	60	NaN	NaN	5041069.049220702	1700.9687672422563	34219	0	4477	4249371.1941287005	1511.476541085638	34410	0	4465
r_pp_light_00114.fits	0	60229.395138715394	2460229.3951387154	NaN	NaN	0	1.736907	NaN	-10.4	60	NaN	NaN	5405245.230626533	1783.2060177612786	34076	0	4469	4378975.33884067	1543.6294906180171	34171	0	4479
r_pp_light_00115.fits	0	60229.39591454854	2460229.3959145485	NaN	NaN	0	1.745151	NaN	-10.3	60	NaN	NaN	5363909.759345412	1774.0347183506979	33889	0	4476	4383849.927676111	1544.8060470741852	33746	0	4473
r_pp_light_00116.fits	0	60229.39669033559	2460229.3966903356	NaN	NaN	0	1.753371	NaN	-10.4	60	NaN	NaN	5166681.910785127	1729.631428794876	33370	0	4468	4364703.247700105	1540.0688894407278	33994	0	4466
r_pp_light_00117.fits	0	60229.397466261405	2460229.3974662614	NaN	NaN	0	1.761824	NaN	-10.4	60	NaN	NaN	5168509.000500905	1730.090805685501	33415	0	4480	4354364.460341921	1537.5023353730885	33545	0	4461
r_pp_light_00118.fits	0	60229.39824200235	2460229.3982420024	NaN	NaN	0	1.770397	NaN	-10.3	60	NaN	NaN	5178706.6935471045	1732.4086684413444	33426	0	4481	4299657.169077481	1523.9896064020857	34351	0	4466
r_pp_light_00119.fits	0	60229.3990184837	2460229.3990184837	NaN	NaN	0	1.779057	NaN	-10.4	60	NaN	NaN	5363046.910894607	1773.8275028275038	34443	0	4472	4371371.052105514	1541.7364821098224	33850	0	4473
r_pp_light_00120.fits	0	60229.399794305675	2460229.3997943057	NaN	NaN	0	1.787711	NaN	-10.3	60	NaN	NaN	4900812.731315094	1668.515320674158	34871	0	4478	4170414.172533559	1491.6752273764262	34964	0	4460
r_pp_light_00121.fits	0	60229.40057255793	2460229.400572558	NaN	NaN	0	1.796605	NaN	-10.4	60	NaN	NaN	4717271.3087831745	1625.3377766007434	34542	0	4474	3998711.9648731686	1448.0414323651087	34626	0	4460
r_pp_light_00122.fits	0	60229.40134843765	2460229.4013484376	NaN	NaN	0	1.805591	NaN	-10.3	60	NaN	NaN	5314181.381145977	1762.9196859119145	33798	0	4475	4383876.926751835	1544.8090101222117	33978	0	4472
r_pp_light_00123.fits	0	60229.402125393506	2460229.4021253935	NaN	NaN	0	1.81471	NaN	-10.4	60	NaN	NaN	5221655.725407538	1742.112097983972	33364	0	4476	4329281.41544603	1531.3854884444863	33636	0	4482
r_pp_light_00124.fits	0	60229.40290178219	2460229.402901782	NaN	NaN	0	1.823927	NaN	-10.3	60	NaN	NaN	5157664.922729747	1727.620095251107	33958	0	4478	4336600.468167978	1533.124866605407	33722	0	4463
r_pp_light_00125.fits	0	60229.40367774293	2460229.403677743	NaN	NaN	0	1.833125	NaN	-10.4	60	NaN	NaN	5209585.295228256	1739.3764000187664	34452	0	4474	4344110.175066029	1534.9537474471792	34031	0	4456
r_pp_light_00126.fits	0	60229.404453529976	2460229.40445353	NaN	NaN	0	1.842547	NaN	-10.3	60	NaN	NaN	4863712.337719917	1659.8471164227094	34503	0	4476	4145964.503119363	1485.5540833021016	34577	0	4471
r_pp_light_00127.fits	0	60229.40522945579	2460229.405229456	NaN	NaN	0	1.852109	NaN	-10.4	60	NaN	NaN	5188096.3481304785	1734.5374857260035	33812	0	4481	4343816.792248807	1534.943936949789	33831	0	4473
r_pp_light_00128.fits	0	60229.406005289406	2460229.4060052894	NaN	NaN	0	1.861801	NaN	-10.3	60	NaN	NaN	5180267.976662544	1732.72941780114	33331	0	4472	4281836.912628836	1519.564471052028	33176	0	4466
r_pp_light_00129.fits	0	60229.40678152768	2460229.4067815277	NaN	NaN	0	1.871455	NaN	-10.3	60	NaN	NaN	5142260.10606527	1724.0941664423863	33923	0	4472	4302897.841940668	1524.8556891361834	33765	0	4483
r_pp_light_00130.fits	0	60229.4075571876	2460229.4075571876	NaN	NaN	0	1.881371	NaN	-10.4	60	NaN	NaN	5191750.566375417	1735.2537471407445	33217	0	4451	4213229.599750652	1502.4390589604643	32993	0	4464
r_pp_light_00131.fits	0	60229.408335520886	2460229.408335521	NaN	NaN	0	1.891479	NaN	-10.3	60	NaN	NaN	5219287.293041804	1741.5881221749742	33282	0	4479	4270570.467523506	1516.7806580133042	33250	0	4471
r_pp_light_00132.fits	0	60229.40911134239	2460229.4091113424	NaN	NaN	0	1.901665	NaN	-10.4	60	NaN	NaN	5046117.862202515	1702.1362642255506	33474	0	4479	4296238.9803564865	1523.0898325353357	33665	0	4452
r_pp_light_00133.fits	0	60229.40988662047	2460229.4098866205	NaN	NaN	0	1.91183	NaN	-10.4	60	NaN	NaN	4918006.8608276425	1672.544195213589	34016	0	4485	4166485.0190566494	1490.70088782422	33661	0	4464
r_pp_light_00134.fits	0	60229.41066254629	2460229.4106625463	NaN	NaN	0	1.922281	NaN	-10.3	60	NaN	NaN	4995644.383628115	1690.4982394368046	34318	0	4475	4237414.504136522	1508.4661489046716	33810	0	4458
r_pp_light_00135.fits	0	60229.41143834498	2460229.411438345	NaN	NaN	0	1.932855	NaN	-10.4	60	NaN	NaN	5071064.411937907	1707.8674771841822	32800	0	4481	4294745.501405013	1522.8001667620872	33748	0	4474
r_pp_light_00136.fits	0	60229.41221422469	2460229.4122142247	NaN	NaN	0	1.94359	NaN	-10.4	60	NaN	NaN	5038480.303928294	1700.355188043663	34147	0	4472	4403463.315861939	1549.6075006365425	34490	0	4469
r_pp_light_00137.fits	0	60229.41299055563	2460229.4129905556	NaN	NaN	0	1.954451	NaN	-10.3	60	NaN	NaN	5028627.173788384	1698.0926785696292	34201	0	4473	4208248.332860008	1501.1284475470204	34009	0	4447
r_pp_light_00138.fits	0	60229.41376640042	2460229.4137664004	NaN	NaN	0	1.965295	NaN	-10.3	60	NaN	NaN	5136714.68188242	1722.8427818558862	34480	0	4475	4211808.796399224	1502.0389888931513	34155	0	4452
r_pp_light_00139.fits	0	60229.41454229178	2460229.414542292	NaN	NaN	0	1.976447	NaN	-10.4	60	NaN	NaN	5116600.639965135	1718.2615515603025	34051	0	4476	4336544.551465721	1532.981061102193	34519	0	4428
r_pp_light_00140.fits	0	60229.41531857615	2460229.415318576	NaN	NaN	0	1.987764	NaN	-10.4	60	NaN	NaN	5036059.432316174	1699.7800212821423	34413	0	4467	4263326.010919855	1514.8848292914497	33674	0	4446
r_pp_light_00141.fits	0	60229.416096689645	2460229.4160966896	NaN	NaN	0	1.999249	NaN	-10.3	60	NaN	NaN	5048468.215750323	1702.6798238373115	32955	0	4480	4236252.598845086	1508.1315685799427	33112	0	4446
r_pp_light_00142.fits	0	60229.41687246505	2460229.416872465	NaN	NaN	0	2.01068	NaN	-10.4	60	NaN	NaN	5045126.853968536	1701.9085987898263	33501	0	4479	4231784.183919765	1506.9592636660855	33014	0	4431
r_pp_light_00143.fits	0	60229.41764831031	2460229.4176483103	NaN	NaN	0	2.022428	NaN	-10.4	60	NaN	NaN	4953040.907184674	1680.6390099647801	34475	0	4474	4286439.691413946	1520.6714218758668	34005	0	4456
r_pp_light_00144.fits	0	60229.41842454858	2460229.4184245486	NaN	NaN	0	2.034353	NaN	-10.4	60	NaN	NaN	4912502.566292091	1671.230233650875	33534	0	4476	4221680.449733377	1504.536259766729	33292	0	4459
r_pp_light_00145.fits	0	60229.41920157382	2460229.419201574	NaN	NaN	0	2.046453	NaN	-10.4	60	NaN	NaN	4775394.830062909	1639.107716170792	33740	0	4478	4220643.58264613	1504.258368693186	34085	0	4454
r_pp_light_00146.fits	0	60229.419977835845	2460229.419977836	NaN	NaN	0	2.058523	NaN	-10.4	60	NaN	NaN	4912189.916006594	1671.1537659965945	34612	0	4475	4200361.849003296	1499.1549586525814	34345	0	4448
r_pp_light_00147.fits	0	60229.42075380776	2460229.4207538078	NaN	NaN	0	2.07095	NaN	-10.4	60	NaN	NaN	4771219.088182457	1638.118522147591	32966	0	4477	4089361.198225944	1471.2023113375626	33635	0	4465
r_pp_light_00148.fits	0	60229.4215301387	2460229.4215301387	NaN	NaN	0	2.08353	NaN	-10.3	60	NaN	NaN	4827644.683743148	1651.404013927737	33623	0	4478	4210211.629132193	1501.5795847071204	34701	0	4436
r_pp_light_00149.fits	0	60229.42230620375	2460229.4223062037	NaN	NaN	0	2.096279	NaN	-10.4	60	NaN	NaN	4829351.16434883	1651.8119027940547	34081	0	4480	4248947.843587349	1511.3304131580621	33797	0	4454
r_pp_light_00150.fits	0	60229.423081493005	2460229.423081493	NaN	NaN	0	2.109051	NaN	-10.3	60	NaN	NaN	4954685.014105039	1681.0422983862004	33287	0	4480	4141128.9629736347	1484.3115291923255	33179	0	4465
r_pp_light_00151.fits	0	60229.423859872855	2460229.423859873	NaN	NaN	0	2.122196	NaN	-10.4	60	NaN	NaN	4898560.524604339	1667.9719752292822	33401	0	4473	4212775.040953486	1502.3215344367686	34064	0	4463
r_pp_light_00152.fits	0	60229.424635706004	2460229.424635706	NaN	NaN	0	2.135483	NaN	-10.3	60	NaN	NaN	4899543.467929213	1668.2010535118293	33792	0	4473	4128624.7751151165	1481.170408297877	33670	0	4470
r_pp_light_00153.fits	0	60229.42541223392	2460229.425412234	NaN	NaN	0	2.148982	NaN	-10.4	60	NaN	NaN	4879248.455664775	1663.4072555969308	32916	0	4457	4193710.728284715	1497.5414031206528	33649	0	4463
r_pp_light_00154.fits	0	60229.42618843727	2460229.4261884373	NaN	NaN	0	2.162478	NaN	-10.4	60	NaN	NaN	4808329.990554315	1646.8513196353297	33352	0	4474	4173747.7574203038	1492.4215984239495	33639	0	4435
r_pp_light_00155.fits	0	60229.42696488416	2460229.426964884	NaN	NaN	0	2.176362	NaN	-10.3	60	NaN	NaN	4841595.485533672	1654.679932090453	32850	0	4479	4112740.5299536414	1477.1285533667892	33318	0	4464
r_pp_light_00156.fits	0	60229.427740659565	2460229.4277406596	NaN	NaN	0	2.190405	NaN	-10.4	60	NaN	NaN	4637073.494566837	1606.2386637924535	34490	0	4478	4118795.9369137525	1478.6398636783076	34033	0	4458
r_pp_light_00157.fits	0	60229.42851650482	2460229.428516505	NaN	NaN	0	2.20468	NaN	-10.4	60	NaN	NaN	4487579.686066006	1570.1628380627574	33234	0	4473	3985022.6138630053	1444.48520664403	33070	0	4449
r_pp_light_00158.fits	0	60229.4292925694	2460229.4292925694	NaN	NaN	0	2.218965	NaN	-10.4	60	NaN	NaN	4531080.502564316	1580.7208962822856	34449	0	4475	4031094.3171722097	1456.3618520795267	34625	0	4467
r_pp_light_00159.fits	0	60229.43006905075	2460229.4300690508	NaN	NaN	0	2.233654	NaN	-10.4	60	NaN	NaN	4594143.612689785	1595.9196614066261	33507	0	4472	4122959.171933383	1479.652935777971	34270	0	4447
r_pp_light_00160.fits	0	60229.43084478006	2460229.43084478	NaN	NaN	0	2.248558	NaN	-10.4	60	NaN	NaN	4501984.981792985	1573.7134624200448	34480	0	4487	4059828.0842739125	1463.6706618770036	34581	0	4460
r_pp_light_00161.fits	0	60229.43162306724	2460229.4316230672	NaN	NaN	0	2.263717	NaN	-10.3	60	NaN	NaN	4286107.777328492	1520.6624852445536	33397	0	4476	3815981.863091375	1400.6235679314302	33954	0	4455
r_pp_light_00162.fits	0	60229.43239884265	2460229.4323988426	NaN	NaN	0	2.278838	NaN	-10.3	60	NaN	NaN	4695491.34520834	1620.166126513817	33592	0	4475	4072182.362649756	1466.768934238606	34424	0	4447
r_pp_light_00163.fits	0	60229.43317541666	2460229.4331754167	NaN	NaN	0	2.29443	NaN	-10.3	60	NaN	NaN	4672222.720768923	1614.6058057559674	33966	0	4470	4109909.614346211	1476.3783310670804	33016	0	4455
r_pp_light_00164.fits	0	60229.433951759245	2460229.4339517592	NaN	NaN	0	2.310235	NaN	-10.3	60	NaN	NaN	4753351.1557755275	1633.9005442808195	33382	0	4478	4130728.250122473	1481.6508727582534	32855	0	4456
r_pp_light_00165.fits	0	60229.4347277428	2460229.434727743	NaN	NaN	0	2.32627	NaN	-10.4	60	NaN	NaN	4681110.339297168	1616.7388951570676	33798	0	4474	4127506.3808219326	1480.8546478812568	33550	0	4461
r_pp_light_00166.fits	0	60229.435504039284	2460229.4355040393	NaN	NaN	0	2.342361	NaN	-10.3	60	NaN	NaN	4599252.008192401	1597.15102671287	32370	0	4473	3920923.151428374	1427.9584856156175	32585	0	4452
r_pp_light_00167.fits	0	60229.43628006941	2460229.4362800694	NaN	NaN	0	2.358887	NaN	-10.3	60	NaN	NaN	4507759.608294675	1575.1073823227243	32452	0	4485	3765989.878733827	1387.2992202268094	29477	0	4407
r_pp_light_00168.fits	0	60229.43705599522	2460229.437055995	NaN	NaN	0	2.375681	NaN	-10.3	60	NaN	NaN	4374280.508695215	1542.4671991332787	30970	0	4477	3617827.7412304925	1348.0029760115829	28300	0	4446
r_pp_light_00169.fits	0	60229.43783195596	2460229.437831956	NaN	NaN	0	2.392445	NaN	-10.4	60	NaN	NaN	4476058.974663354	1567.386166859596	32632	0	4480	3674487.7052286565	1363.1557199895142	29508	0	4442
r_pp_light_00170.fits	0	60229.438607187476	2460229.4386071875	NaN	NaN	0	2.409726	NaN	-10.3	60	NaN	NaN	4288417.980752756	1521.2400370290393	31947	0	4477	3591928.6970757004	1341.0561577102274	29263	0	4452
r_pp_light_00171.fits	0	60229.43938473379	2460229.439384734	NaN	NaN	0	2.4274	NaN	-10.3	60	NaN	NaN	4391769.059448846	1546.766536936152	32101	0	4477	3562282.972830217	1332.9901791207255	27158	0	4435
r_pp_light_00172.fits	0	60229.44016104145	2460229.4401610414	NaN	NaN	0	2.445216	NaN	-10.3	60	NaN	NaN	4468712.268006238	1565.6229341526632	32526	0	4487	3771925.3489742302	1389.0661728229736	30949	0	4462
r_pp_light_00173.fits	0	60229.44093760429	2460229.4409376043	NaN	NaN	0	2.463104	NaN	-10.4	60	NaN	NaN	4135488.4613492	1482.9380383948442	30368	0	4479	3316496.166813105	1265.4917632060844	24647	0	4447
r_pp_light_00174.fits	0	60229.44171427097	2460229.441714271	NaN	NaN	0	2.48155	NaN	-10.4	60	NaN	NaN	4240395.420379842	1509.25472042841	30606	0	4470	3497295.8188220174	1315.3856573864985	26657	0	4448
r_pp_light_00175.fits	0	60229.44249064801	2460229.442490648	NaN	NaN	0	2.500284	NaN	-10.4	60	NaN	NaN	4023596.472035675	1454.4622299069956	28859	0	4472	3289723.2304928205	1258.0600181418633	24488	0	4463
r_pp_light_00176.fits	0	60229.443266956136	2460229.443266956	NaN	NaN	0	2.519263	NaN	-10.4	60	NaN	NaN	4036945.803324224	1457.8720196177871	28504	0	4471	3447707.0942547247	1301.839485761699	27531	0	4454
r_pp_light_00177.fits	0	60229.44404283585	2460229.444042836	NaN	NaN	0	2.538306	NaN	-10.3	60	NaN	NaN	4042485.8604213367	1459.2943625218302	31224	0	4473	3359798.044826828	1277.5118489441404	27065	0	4437
r_pp_light_00178.fits	0	60229.444818669	2460229.444818669	NaN	NaN	0	2.557969	NaN	-10.4	60	NaN	NaN	4068638.6211605626	1465.9586103525382	30073	0	4472	3501569.615221585	1316.5761564653446	27153	0	4455
r_pp_light_00179.fits	0	60229.44559445605	2460229.445594456	NaN	NaN	0	2.577893	NaN	-10.4	60	NaN	NaN	4374079.758961552	1542.417800147082	32098	0	4477	3775565.87918539	1389.9161494482032	30985	0	4432
r_pp_light_00180.fits	0	60229.44637023145	2460229.4463702315	NaN	NaN	0	2.597903	NaN	-10.4	60	NaN	NaN	4372634.084308745	1542.0766771172575	32521	0	4481	3757539.161127017	1385.1831656041963	32126	0	4438
r_pp_light_00181.fits	0	60229.44714843761	2460229.4471484376	NaN	NaN	0	2.618596	NaN	-10.4	60	NaN	NaN	3901884.2956703757	1423.1278941010341	31320	0	4481	3208023.91212408	1234.917749772273	26555	0	4428
r_pp_light_00182.fits	0	60229.44792436343	2460229.4479243634	NaN	NaN	0	2.639574	NaN	-10.3	60	NaN	NaN	4250881.274029154	1511.8935317382434	31570	0	4476	3615977.7852737354	1347.5240762649084	30473	0	4451
r_pp_light_00183.fits	0	60229.44870075211	2460229.448700752	NaN	NaN	0	2.660897	NaN	-10.3	60	NaN	NaN	4359231.94617702	1538.7867941276943	32149	0	4484	3810710.9413381955	1399.270107022157	31523	0	4463
r_pp_light_00184.fits	0	60229.4494765508	2460229.449476551	NaN	NaN	0	2.682286	NaN	-10.4	60	NaN	NaN	4239968.640588228	1509.16645743742	31799	0	4475	3539383.1987581863	1326.8446984306413	29847	0	4451
r_pp_light_00185.fits	0	60229.45025311317	2460229.450253113	NaN	NaN	0	2.704321	NaN	-10.4	60	NaN	NaN	3214059.9922559806	1236.8073477360986	22020	0	4479	2521835.2155324398	1030.8201390656864	15741	0	4451
r_pp_light_00186.fits	0	60229.45102854166	2460229.4510285417	NaN	NaN	0	2.726747	NaN	-10.4	60	NaN	NaN	4206161.940404466	1500.712159434283	32069	0	4476	3589484.345062853	1340.302831226647	30612	0	4426
r_pp_light_00187.fits	0	60229.451804930344	2460229.4518049303	NaN	NaN	0	2.749226	NaN	-10.4	60	NaN	NaN	4185933.9769102354	1495.6032334171698	31666	0	4467	3678976.5123093184	1364.3782579325098	31244	0	4449
r_pp_light_00188.fits	0	60229.452581342775	2460229.452581343	NaN	NaN	0	2.772464	NaN	-10.4	60	NaN	NaN	3925587.5005539022	1429.2607276936324	29406	0	4478	3240309.3546320233	1244.1470214955357	24440	0	4457
r_pp_light_00189.fits	0	60229.45335732633	2460229.4533573263	NaN	NaN	0	2.796073	NaN	-10.3	60	NaN	NaN	4055542.993308871	1462.6549877257253	31497	0	4481	3569896.385468546	1335.0304342893528	30020	0	4430
r_pp_light_00190.fits	0	60229.45413310174	2460229.4541331017	NaN	NaN	0	2.820096	NaN	-10.4	60	NaN	NaN	3940826.127552356	1433.1833086876682	29768	0	4473	3415298.1828313507	1292.9539592931833	27344	0	4462
r_pp_light_00191.fits	0	60229.454911076464	2460229.4549110765	NaN	NaN	0	2.844249	NaN	-10.4	60	NaN	NaN	4078126.849652563	1468.3800845173535	31672	0	4474	3369852.8903015004	1280.2798665418313	27274	0	4431
r_pp_light_00192.fits	0	60229.45568737248	2460229.4556873725	NaN	NaN	0	2.869152	NaN	-10.4	60	NaN	NaN	3874149.473517223	1415.881252381471	29929	0	4471	3257578.6513963537	1248.8622636439293	25254	0	4415
r_pp_light_00193.fits	0	60229.45646319445	2460229.4564631945	NaN	NaN	0	2.894542	NaN	-10.4	60	NaN	NaN	3649442.632894828	1356.5801413277388	27549	0	4474	3126715.325833492	1211.7567281083905	22922	0	4428
