Label	Saturated	J.D.-2400000	JD_UTC	JD_SOBS	HJD_UTC	BJD_TDB	AIRMASS	ALT_OBJ	CCD-TEMP	EXPTIME	RAOBJ2K	DECOBJ2K	Source-Sky_T1	Source_SNR_T1	Peak_T1	Sky/Pixel_T1	N_Sky_Pixels_T1	Source-Sky_C2	Source_SNR_C2	Peak_C2	Sky/Pixel_C2	N_Sky_Pixels_C2
r_pp_light_00001.fits	0	60192.37793671293	2460192.377936713	NaN	NaN	0	1.139193	NaN	-10.3	40	NaN	NaN	4341536.72162336	1459.4003917682398	36420	15.765044479330193	3822	423665.67711709236	199.53930185747922	7984	10.936681222707424	3664
r_pp_light_00002.fits	0	60192.378482361324	2460192.3784823613	NaN	NaN	0	1.13919	NaN	-10.3	40	NaN	NaN	4307357.72394199	1452.024223278798	35540	18.437265214124718	3993	428355.3830102341	201.91078050041898	8549	13.019879675647397	3823
r_pp_light_00003.fits	0	60192.379027766176	2460192.379027766	NaN	NaN	0	1.13919	NaN	-10.3	40	NaN	NaN	4624030.638964442	1528.344247728035	33697	19.805891238670696	3972	418992.9707476719	197.82499870415495	6692	15.102056555269924	3890
r_pp_light_00004.fits	0	60192.379572418984	2460192.379572419	NaN	NaN	0	1.139193	NaN	-10.3	40	NaN	NaN	4674491.46276407	1540.3775938627198	33202	17.15167548500882	3969	417604.69567544525	196.95224379781016	6874	12.403480589022758	3735
r_pp_light_00005.fits	0	60192.38011718774	2460192.3801171877	NaN	NaN	0	1.139198	NaN	-10.3	40	NaN	NaN	4937824.676116761	1602.5419332544227	34688	18.913788880724958	4083	410220.5772023918	193.7670478994544	5368	13.287102705542422	3807
r_pp_light_00006.fits	0	60192.38066270854	2460192.3806627085	NaN	NaN	0	1.139206	NaN	-10.3	40	NaN	NaN	4524831.020233661	1504.7285540522846	35088	20.40135372273753	3989	423884.2313278128	200.04373625046946	7249	15.547826086956523	3910
r_pp_light_00007.fits	0	60192.38120751176	2460192.3812075118	NaN	NaN	0	1.139216	NaN	-10.3	40	NaN	NaN	4631242.124448832	1530.5749936916454	34379	19.00246730816679	4053	421219.77417029813	198.89570203235348	7031	15.939563230066023	3938
r_pp_light_00008.fits	0	60192.38175237272	2460192.3817523727	NaN	NaN	0	1.139229	NaN	-10.3	40	NaN	NaN	4812976.287515934	1572.6898455131852	36027	19.455997971088003	3943	420405.15504819446	198.45253105199066	6748	14.002575991756826	3882
r_pp_light_00009.fits	0	60192.38229785906	2460192.382297859	NaN	NaN	0	1.139244	NaN	-10.3	40	NaN	NaN	4867015.192878927	1585.5743943824546	34360	19.2531328320802	3990	412113.48135438166	194.98831404954493	5930	15.1840672934191	4042
r_pp_light_00010.fits	0	60192.38284331048	2460192.3828433105	NaN	NaN	0	1.139262	NaN	-10.3	40	NaN	NaN	4899852.972028884	1593.9034376218563	35289	18.770336093521674	4106	410258.61807597824	193.37345520780644	5769	11.980720871751886	3579
r_pp_light_00011.fits	0	60192.38338817144	2460192.3833881714	NaN	NaN	0	1.139283	NaN	-10.3	40	NaN	NaN	4762515.179807549	1561.5505884519823	35048	19.22759812392002	4051	418120.41786131565	197.4591504376504	6610	14.973360655737705	3904
r_pp_light_00012.fits	0	60192.38393295137	2460192.3839329514	NaN	NaN	0	1.139306	NaN	-10.3	40	NaN	NaN	4775345.082078718	1564.1921440856916	35342	18.331409934771703	3986	414652.0790921276	195.35755763745746	6322	11.570114301644828	3587
r_pp_light_00013.fits	0	60192.3844785071	2460192.384478507	NaN	NaN	0	1.139331	NaN	-10.3	40	NaN	NaN	5039802.074330438	1625.8617810794826	36642	18.950319724545007	4066	414618.03803484945	195.72741115507645	5765	12.160168598524763	3796
r_pp_light_00014.fits	0	60192.38502334524	2460192.3850233452	NaN	NaN	0	1.13936	NaN	-10.3	40	NaN	NaN	4961896.98427178	1607.332089124188	35218	19.766338632349232	3963	414566.40849742765	195.63710019973095	5637	13.174594738240765	3763
r_pp_light_00015.fits	0	60192.3855682523	2460192.3855682523	NaN	NaN	0	1.139391	NaN	-10.3	40	NaN	NaN	4808332.694024258	1571.8606729768676	35961	18.312719959778782	3978	419026.61176066316	198.07369179513276	6517	15.112847222222221	4032
r_pp_light_00016.fits	0	60192.38611390069	2460192.3861139007	NaN	NaN	0	1.139424	NaN	-10.3	40	NaN	NaN	4669930.747399503	1539.492088131928	35695	18.415273271774396	4007	421503.75822787196	199.13804190553168	7011	15.341573033707865	4005
r_pp_light_00017.fits	0	60192.38665894698	2460192.386658947	NaN	NaN	0	1.13946	NaN	-10.3	40	NaN	NaN	4913194.945745061	1596.5728497888792	31636	19.790893343231872	4041	370985.29667889996	176.343146589143	4495	16.447566482689414	3986
r_pp_light_00018.fits	0	60192.38720377348	2460192.3872037735	NaN	NaN	0	1.139499	NaN	-10.3	40	NaN	NaN	5027819.217617448	1622.9741650963908	35238	18.647029702970297	4040	411186.05734999175	193.806053557344	5313	11.261645746164575	3585
r_pp_light_00019.fits	0	60192.387749340385	2460192.3877493404	NaN	NaN	0	1.13954	NaN	-10.3	40	NaN	NaN	4640574.5670748735	1532.4659385419484	34734	20.939635819406337	4009	420487.0389284003	198.74411144285432	7297	15.850716757291151	4046
r_pp_light_00020.fits	0	60192.388293715194	2460192.388293715	NaN	NaN	0	1.139583	NaN	-10.3	40	NaN	NaN	5205820.96973976	1663.0749287596818	33306	18.96568136272545	3992	403799.8254796566	191.18865222804303	5272	16.787478174108255	4009
r_pp_light_00021.fits	0	60192.388839143794	2460192.388839144	NaN	NaN	0	1.13963	NaN	-10.3	40	NaN	NaN	5018800.45509208	1620.3093104996562	34632	20.39574898785425	3952	408153.36701804254	193.05383105478245	5630	15.062389043875221	3943
r_pp_light_00022.fits	0	60192.38938474562	2460192.3893847456	NaN	NaN	0	1.139679	NaN	-10.3	40	NaN	NaN	4435125.639817153	1483.326787718834	33882	19.51304996271439	4023	425293.84296834463	200.44916457945803	8361	13.938278145695364	3775
r_pp_light_00023.fits	0	60192.38992957212	2460192.389929572	NaN	NaN	0	1.13973	NaN	-10.3	40	NaN	NaN	4853237.4802329065	1582.857449879657	35326	19.035881051855494	4069	417114.7642753773	197.19560985227432	5964	15.941337310464828	4023
r_pp_light_00024.fits	0	60192.39047460677	2460192.390474607	NaN	NaN	0	1.139784	NaN	-10.4	40	NaN	NaN	5260060.814704673	1675.1898631274964	34074	18.18003520241388	3977	396083.5715283717	187.29884060663218	4617	13.578764375501471	3739
r_pp_light_00025.fits	0	60192.39102010429	2460192.3910201043	NaN	NaN	0	1.139841	NaN	-10.3	40	NaN	NaN	5293866.338820813	1682.7239086820061	34758	19.109630374654262	3977	408750.4756930349	193.37923372854027	4931	15.538306958050741	3981
r_pp_light_00026.fits	0	60192.391564895865	2460192.391564896	NaN	NaN	0	1.1399	NaN	-10.3	40	NaN	NaN	4972278.514092987	1609.9615312948365	35158	19.057778889444723	3998	417631.8621395198	197.1696456786738	5839	14.663299663299663	3861
r_pp_light_00027.fits	0	60192.39211039385	2460192.392110394	NaN	NaN	0	1.139962	NaN	-10.3	40	NaN	NaN	5246274.425353353	1671.9585671073985	34520	19.210858585858585	3960	403072.39846116357	190.93339272929813	4871	16.278065630397236	4053
r_pp_light_00028.fits	0	60192.39265517378	2460192.392655174	NaN	NaN	0	1.140026	NaN	-10.3	40	NaN	NaN	5287739.643808933	1682.090788937035	34971	19.919795221843003	4102	407724.2906859913	192.88918394130243	4765	16.573084677419356	3968
r_pp_light_00029.fits	0	60192.4280681829	2460192.428068183	NaN	NaN	0	1.149736	NaN	-10.3	40	NaN	NaN	4121875.0814789603	1405.4206112226339	34288	27.93622967479675	3936	431187.69375240605	203.32941538428662	10655	23.90012610340479	3965
r_pp_light_00030.fits	0	60192.428613113705	2460192.4286131137	NaN	NaN	0	1.149971	NaN	-10.3	40	NaN	NaN	4435299.729804517	1482.1104567220093	35638	29.10958904109589	3869	428487.7894943717	202.0280884737293	8447	22.551512045105074	3902
r_pp_light_00031.fits	0	60192.42915816	2460192.42915816	NaN	NaN	0	1.150208	NaN	-10.3	40	NaN	NaN	4606261.488093031	1523.6194839208201	38493	29.051028179741053	3939	424877.53725163796	200.63838910729493	7131	23.399158624102945	4041
r_pp_light_00032.fits	0	60192.42970288219	2460192.429702882	NaN	NaN	0	1.150448	NaN	-10.3	40	NaN	NaN	4218047.640283214	1429.1953490904211	40129	28.454754601226995	3912	431213.88514940825	203.38139364680742	10254	22.122110552763818	3980
r_pp_light_00033.fits	0	60192.43024806725	2460192.4302480672	NaN	NaN	0	1.15069	NaN	-10.3	40	NaN	NaN	4183932.056920561	1420.689389893626	38030	28.982343909928353	3908	433131.1137887963	204.23585599887963	10686	22.286934673366833	3980
r_pp_light_00034.fits	0	60192.43079322949	2460192.4307932295	NaN	NaN	0	1.150935	NaN	-10.3	40	NaN	NaN	4018744.9121935703	1378.8226709905275	40071	28.089746934516043	3833	433851.0698764521	204.6527224182354	11931	22.91140806731007	4041
r_pp_light_00035.fits	0	60192.43133772025	2460192.4313377202	NaN	NaN	0	1.151183	NaN	-10.3	40	NaN	NaN	4008557.8956714426	1376.9657875232283	39670	26.516497461928935	3940	434509.940335586	205.03255460355996	11079	21.207099143206854	4085
r_pp_light_00036.fits	0	60192.43188298633	2460192.4318829863	NaN	NaN	0	1.151433	NaN	-10.3	40	NaN	NaN	4376889.656627557	1468.5912844718182	40080	27.98816120906801	3970	429127.94959749735	202.4363109970156	9077	22.922535211267604	3976
r_pp_light_00037.fits	0	60192.43242748873	2460192.4324274887	NaN	NaN	0	1.151686	NaN	-10.3	40	NaN	NaN	4053301.3270492107	1388.3661003513841	38934	27.34747474747475	3960	434279.7738317238	204.75236927127622	11557	23.00275965880582	3986
r_pp_light_00038.fits	0	60192.432972535025	2460192.432972535	NaN	NaN	0	1.151941	NaN	-10.3	40	NaN	NaN	4001775.400229118	1375.1068408207018	38734	28.103184713375796	3925	436426.4693362569	205.78214659210786	11601	22.550533896200644	4027
r_pp_light_00039.fits	0	60192.43351701414	2460192.433517014	NaN	NaN	0	1.152199	NaN	-10.3	40	NaN	NaN	4110169.4309048825	1401.5619870962787	38104	28.60437532946758	3794	428144.73729564325	201.90493497304104	10196	23.66012738853503	3925
r_pp_light_00040.fits	0	60192.43406211818	2460192.434062118	NaN	NaN	0	1.15246	NaN	-10.3	40	NaN	NaN	4343717.977667732	1460.704485583191	38141	28.458946843024705	4007	431651.39881265955	203.5237113309791	9144	22.417974683544305	3950
r_pp_light_00041.fits	0	60192.43460659729	2460192.4346065973	NaN	NaN	0	1.152723	NaN	-10.3	40	NaN	NaN	3966606.6658993317	1366.2971342084616	35231	27.79584073040832	3943	433447.3618227632	204.2191401963718	10823	22.705655526992288	3890
r_pp_light_00042.fits	0	60192.43515169015	2460192.43515169	NaN	NaN	0	1.152988	NaN	-10.3	40	NaN	NaN	4380091.9700229755	1468.3941220432496	37058	29.947987454260325	3826	431014.72991579154	203.2614842691598	9124	23.401209677419356	3968
r_pp_light_00043.fits	0	60192.435696956236	2460192.4356969562	NaN	NaN	0	1.153257	NaN	-10.3	40	NaN	NaN	4346668.082598442	1460.9257685366017	39867	28.339108280254777	3925	432853.11693351064	204.18733910469527	8868	21.981610337972167	4024
r_pp_light_00044.fits	0	60192.436241493095	2460192.436241493	NaN	NaN	0	1.153528	NaN	-10.3	40	NaN	NaN	3927134.662052646	1356.0305295826886	41396	27.63161933998465	3909	436068.2857753836	205.58134297997228	11628	23.854078323771514	4009
r_pp_light_00045.fits	0	60192.43678593775	2460192.4367859378	NaN	NaN	0	1.153801	NaN	-10.3	40	NaN	NaN	3860669.2270665783	1338.5998262390576	39213	28.05378020265004	3849	437489.25961144274	206.13135369275517	11705	21.595744680851062	3948
r_pp_light_00046.fits	0	60192.43733093748	2460192.4373309375	NaN	NaN	0	1.154077	NaN	-10.3	40	NaN	NaN	3864021.085622654	1340.0964723119168	39156	28.57612544258978	3954	438697.8154056202	206.6625785193965	13286	23.64567526555387	3954
r_pp_light_00047.fits	0	60192.43787533557	2460192.4378753356	NaN	NaN	0	1.154356	NaN	-10.4	40	NaN	NaN	4174839.7463463233	1419.0149131347864	37728	26.504885993485342	3991	432993.72758513136	204.16781337764104	10375	22.092327044025158	3975
r_pp_light_00048.fits	0	60192.438420359045	2460192.438420359	NaN	NaN	0	1.154637	NaN	-10.3	40	NaN	NaN	3962422.440419102	1365.1476903901296	38382	27.565173116089614	3928	433852.71253187273	204.72618834434547	12276	22.151151396374328	4082
r_pp_light_00049.fits	0	60192.43896535877	2460192.438965359	NaN	NaN	0	1.154921	NaN	-10.3	40	NaN	NaN	3763745.034135917	1314.565405078709	39905	28.447924434501616	4023	436551.81386681215	205.847497779476	12305	22.411706349206348	4032
r_pp_light_00050.fits	0	60192.43951040506	2460192.439510405	NaN	NaN	0	1.155208	NaN	-10.4	40	NaN	NaN	3755177.1328311693	1311.8263983559502	38336	28.643981716607414	3938	435669.3982777805	205.48116069339946	12225	23.60295930949445	4055
r_pp_light_00051.fits	0	60192.44005483808	2460192.440054838	NaN	NaN	0	1.155497	NaN	-10.3	40	NaN	NaN	4062958.236004186	1390.8475463556413	39162	27.92898514228154	3971	433710.4491591278	204.36356723715647	10662	22.599487836107553	3905
r_pp_light_00052.fits	0	60192.44059983827	2460192.4405998383	NaN	NaN	0	1.155788	NaN	-10.3	40	NaN	NaN	3941943.4458548124	1360.366296438864	39594	28.073694728953285	4003	435654.2954844277	205.3791044193098	12738	23.5716787590693	3997
r_pp_light_00053.fits	0	60192.4411444678	2460192.441144468	NaN	NaN	0	1.156083	NaN	-10.3	40	NaN	NaN	4034578.635581527	1383.421509376776	37860	27.569426751592356	3925	438468.76384319045	206.75285008104547	10904	21.899014778325125	4060
r_pp_light_00054.fits	0	60192.4416889702	2460192.44168897	NaN	NaN	0	1.156379	NaN	-10.3	40	NaN	NaN	4046186.0295935716	1386.767824773375	40648	26.864912280701756	3990	436598.7608569779	206.00089946876093	10790	22.40909090909091	4114
r_pp_light_00055.fits	0	60192.44223358808	2460192.442233588	NaN	NaN	0	1.156679	NaN	-10.3	40	NaN	NaN	3932084.90592931	1357.3708391506736	39522	29.582803357924192	3931	436458.90950356144	205.75505632616049	11363	23.91444250436518	4009
r_pp_light_00056.fits	0	60192.44277812494	2460192.442778125	NaN	NaN	0	1.156981	NaN	-10.4	40	NaN	NaN	3854137.2476042965	1337.5796169742214	39979	28.66835059358424	3959	438026.0312178099	206.5127332074249	12276	23.04678217821782	4040
r_pp_light_00057.fits	0	60192.44332240755	2460192.4433224075	NaN	NaN	0	1.157285	NaN	-10.3	40	NaN	NaN	4056136.2103459183	1388.513787479028	41022	28.620129032258063	3875	433762.6263489853	204.5201419376622	10845	24.540195341848236	3993
r_pp_light_00058.fits	0	60192.44386696769	2460192.4438669677	NaN	NaN	0	1.157592	NaN	-10.4	40	NaN	NaN	4022261.2249354953	1379.8781527285569	36744	28.52836052836053	3861	435432.9791984093	205.32556947572857	11258	22.95050982342701	4021
r_pp_light_00059.fits	0	60192.44441201398	2460192.444412014	NaN	NaN	0	1.157902	NaN	-10.3	40	NaN	NaN	3869180.025499061	1341.2305748376111	39182	29.11923566878981	3925	437981.0312259783	206.6098026874799	11780	22.042853664475285	4107
r_pp_light_00060.fits	0	60192.44495650474	2460192.4449565047	NaN	NaN	0	1.158214	NaN	-10.3	40	NaN	NaN	4070764.9305734076	1392.4025283625715	37814	29.4780163599182	3912	434745.3395336941	204.8914708260774	10732	22.908998732572876	3945
r_pp_light_00061.fits	0	60192.44550150493	2460192.445501505	NaN	NaN	0	1.15853	NaN	-10.3	40	NaN	NaN	3904327.818785824	1350.514317817713	37761	27.424242424242426	3960	436474.66834267735	205.9077165099322	11569	21.986301369863014	4088
r_pp_light_00062.fits	0	60192.44604599569	2460192.4460459957	NaN	NaN	0	1.158847	NaN	-10.4	40	NaN	NaN	4300207.241167066	1449.7802743617199	37719	28.67389659520807	3965	427271.566216459	201.62629217403506	8853	23.364160401002508	3990
r_pp_light_00063.fits	0	60192.44659107644	2460192.4465910764	NaN	NaN	0	1.159168	NaN	-10.3	40	NaN	NaN	4427758.291698888	1481.2164659426005	38047	30.497764530551414	4026	429953.65713394864	202.81242740479996	7911	23.631777108433734	3984
r_pp_light_00064.fits	0	60192.44713619212	2460192.447136192	NaN	NaN	0	1.159491	NaN	-10.3	40	NaN	NaN	3967487.3667766033	1365.8189198840241	41058	28.62633637548892	3835	437856.8797577468	206.37455045010114	11909	23.206844866350238	4003
r_pp_light_00065.fits	0	60192.44768059021	2460192.44768059	NaN	NaN	0	1.159816	NaN	-10.3	40	NaN	NaN	3664562.332655039	1288.020514194309	38824	28.990063694267516	3925	439418.03835080145	207.02644809313864	12437	23.810050251256282	3980
r_pp_light_00066.fits	0	60192.44822503487	2460192.448225035	NaN	NaN	0	1.160144	NaN	-10.4	40	NaN	NaN	3806083.370428793	1325.1313577930755	39434	29.561536517563813	3957	439541.33945208334	207.13204804093934	12260	22.82996254681648	4005
r_pp_light_00067.fits	0	60192.448769479524	2460192.4487694795	NaN	NaN	0	1.160474	NaN	-10.4	40	NaN	NaN	3737464.5866992963	1307.3267038777421	37083	28.540055597675007	3957	434856.3163855025	204.9524408839888	12682	23.758847320525785	3956
r_pp_light_00068.fits	0	60192.44931388926	2460192.4493138893	NaN	NaN	0	1.160807	NaN	-10.3	40	NaN	NaN	4253918.752398834	1438.8729746831802	38225	27.471039603960396	4040	430307.0376718358	203.0051105867773	9851	22.845538615346165	4001
r_pp_light_00069.fits	0	60192.44985897001	2460192.44985897	NaN	NaN	0	1.161143	NaN	-10.3	40	NaN	NaN	4058115.473392736	1389.0664238562265	39029	27.272375548104204	3877	429393.0697441921	202.62004342654166	9589	23.396465903434546	4018
r_pp_light_00070.fits	0	60192.45040394692	2460192.450403947	NaN	NaN	0	1.161482	NaN	-10.3	40	NaN	NaN	4284113.430501003	1444.9266064712322	38223	27.489261393399687	3818	429579.04784466844	202.75006416696345	8420	22.46511627906977	4042
r_pp_light_00071.fits	0	60192.45094835665	2460192.4509483567	NaN	NaN	0	1.161823	NaN	-10.3	40	NaN	NaN	3943255.640746114	1360.2998143436541	39785	28.61817720233562	3939	436483.6944698902	205.64095723626306	11293	22.28775146422205	3927
r_pp_light_00072.fits	0	60192.45149275474	2460192.4514927547	NaN	NaN	0	1.162166	NaN	-10.3	40	NaN	NaN	4148115.454133182	1411.9698638718262	38385	27.556064073226544	3933	435620.6186992822	205.4529334097405	9015	22.26879327398615	4044
r_pp_light_00073.fits	0	60192.452037280425	2460192.4520372804	NaN	NaN	0	1.162512	NaN	-10.3	40	NaN	NaN	4065340.7690469194	1391.71437000028	39377	27.033657442034407	4011	433351.4630772156	204.42696734515982	10226	22.847239415696954	4039
r_pp_light_00074.fits	0	60192.45258228015	2460192.45258228	NaN	NaN	0	1.162861	NaN	-10.3	40	NaN	NaN	4131681.107389734	1408.145051645048	38291	27.42634489693313	3978	436120.037036694	205.570392103769	9454	23.53574115876599	3987
r_pp_light_00075.fits	0	60192.45312737301	2460192.453127373	NaN	NaN	0	1.163213	NaN	-10.3	40	NaN	NaN	3983010.863749459	1369.8147636829226	40542	29.47673511827398	3847	436462.64922645496	205.74328220798367	10336	23.92676830792302	4001
r_pp_light_00076.fits	0	60192.45367190987	2460192.45367191	NaN	NaN	0	1.163567	NaN	-10.3	40	NaN	NaN	3678301.8906978723	1292.3313486919824	39934	29.37444389520514	4046	436336.9708043697	205.67412468652594	12055	24.86743371685843	3998
r_pp_light_00077.fits	0	60192.454216493294	2460192.4542164933	NaN	NaN	0	1.163923	NaN	-10.3	40	NaN	NaN	3646798.7846038016	1283.3178857555913	39238	29.61111111111111	3924	441181.04056441435	207.753808917022	13014	24.376551025576095	3949
r_pp_light_00078.fits	0	60192.45476149302	2460192.454761493	NaN	NaN	0	1.164283	NaN	-10.3	40	NaN	NaN	3926075.792499404	1355.5039306534368	39145	29.481815836987362	3877	437810.5416026915	206.46091815561022	12070	23.40157286802654	4069
r_pp_light_00079.fits	0	60192.4553063889	2460192.455306389	NaN	NaN	0	1.164645	NaN	-10.3	40	NaN	NaN	3842371.72470199	1335.026127555104	43234	30.52320987654321	4050	437410.8412103916	206.05992331249294	11522	24.63115169964485	3942
r_pp_light_00080.fits	0	60192.455851423554	2460192.4558514236	NaN	NaN	0	1.16501	NaN	-10.4	40	NaN	NaN	3737191.3117828616	1307.9511956469594	39341	30.063647490820074	4085	433340.5211353638	204.36075232788315	12099	25.99377799900448	4018
r_pp_light_00081.fits	0	60192.45639594924	2460192.4563959492	NaN	NaN	0	1.165377	NaN	-10.3	40	NaN	NaN	4007161.148219951	1375.9044169059869	38363	31.012990387113536	3849	432684.30762816174	204.01069037472263	10381	26.279799247176914	3985
r_pp_light_00082.fits	0	60192.45694035897	2460192.456940359	NaN	NaN	0	1.165746	NaN	-10.3	40	NaN	NaN	4333715.653262962	1457.834644093805	36540	30.67713345150671	3949	429424.504799467	202.46930914896834	8766	26.108314263920672	3933
r_pp_light_00083.fits	0	60192.45748471096	2460192.457484711	NaN	NaN	0	1.166118	NaN	-10.4	40	NaN	NaN	4058549.9480097396	1388.8893519919557	37415	29.10856547774017	3841	431154.2147382074	203.52170244076586	9676	25.018301610541727	4098
r_pp_light_00084.fits	0	60192.458029328845	2460192.458029329	NaN	NaN	0	1.166493	NaN	-10.3	40	NaN	NaN	3572079.1194327297	1263.4258094966356	38179	29.86229843869977	3907	438492.7748691375	206.64434406392647	13168	24.016754188547136	3999
r_pp_light_00085.fits	0	60192.458573831245	2460192.4585738312	NaN	NaN	0	1.16687	NaN	-10.3	40	NaN	NaN	3830131.6906049047	1330.9351730428193	37874	30.342409452864114	3893	434290.52460339	204.82796376447106	10736	24.97177519187918	4039
r_pp_light_00086.fits	0	60192.45911914343	2460192.4591191434	NaN	NaN	0	1.167251	NaN	-10.3	40	NaN	NaN	3882705.4973750007	1344.6784222161496	36074	30.00968152866242	3925	433684.13301779586	204.37059742894337	10907	24.855869620575504	3927
r_pp_light_00087.fits	0	60192.459663726855	2460192.459663727	NaN	NaN	0	1.167634	NaN	-10.3	40	NaN	NaN	3759085.0038999375	1313.2113353415364	37885	30.433524569718134	4009	435326.04764478974	205.17604069688147	11581	25.08058423570889	3971
r_pp_light_00088.fits	0	60192.46020868048	2460192.4602086805	NaN	NaN	0	1.168019	NaN	-10.3	40	NaN	NaN	3925276.4833095	1355.6525036660705	38770	29.503050330452467	3934	434440.40305947233	204.63896289012854	9438	24.568708183221823	3886
r_pp_light_00089.fits	0	60192.46075312514	2460192.460753125	NaN	NaN	0	1.168407	NaN	-10.3	40	NaN	NaN	3825340.938009944	1329.81370180628	38515	29.57804503582395	3908	437710.83138809213	206.19654714007655	11458	24.0918548591728	3941
r_pp_light_00090.fits	0	60192.461298206355	2460192.4612982064	NaN	NaN	0	1.168798	NaN	-10.3	40	NaN	NaN	4145957.587022897	1410.6478023258196	37020	29.431526577638124	3819	429306.05217064393	202.62737559356063	9241	24.63385146804836	4053
r_pp_light_00091.fits	0	60192.46184331039	2460192.4618433104	NaN	NaN	0	1.169191	NaN	-10.3	40	NaN	NaN	4036765.665383697	1383.8177910285008	40298	30.837844739530134	3916	434420.5878999911	204.89847457102522	10378	24.47007912957468	4044
r_pp_light_00092.fits	0	60192.462387743406	2460192.4623877434	NaN	NaN	0	1.169587	NaN	-10.4	40	NaN	NaN	3799511.7841118136	1323.4883459247967	38117	29.38729198184569	3966	437487.54991003685	206.11110020497026	10640	24.055710306406684	3949
r_pp_light_00093.fits	0	60192.462932754774	2460192.462932755	NaN	NaN	0	1.169985	NaN	-10.3	40	NaN	NaN	3767010.604123525	1314.8095417453503	37783	30.628179043743643	3932	438106.8926223644	206.3683626412427	11166	25.43320659062104	3945
r_pp_light_00094.fits	0	60192.46347728046	2460192.4634772805	NaN	NaN	0	1.170386	NaN	-10.3	40	NaN	NaN	3584835.528669756	1266.4832491256598	40554	29.85855177783545	3853	438317.2384913769	206.44765457075445	13466	25.10648030495553	3935
r_pp_light_00095.fits	0	60192.46402173629	2460192.4640217363	NaN	NaN	0	1.17079	NaN	-10.3	40	NaN	NaN	3766559.8958391207	1314.5012158307625	38676	30.07337095946639	3898	438653.2216642902	206.6878566167813	11746	24.528983688833126	3985
r_pp_light_00096.fits	0	60192.464566192124	2460192.464566192	NaN	NaN	0	1.171196	NaN	-10.4	40	NaN	NaN	3950413.5092329206	1361.3429680742947	38370	30.968635650810246	3826	435766.88923664787	205.4047489896045	9663	26.62656328164082	3998
r_pp_light_00097.fits	0	60192.46511068288	2460192.465110683	NaN	NaN	0	1.171604	NaN	-10.4	40	NaN	NaN	4017187.302630819	1379.2620734579018	37693	31.957852483692925	3986	432191.61869312177	203.89182357078082	9434	25.628988374969083	4043
r_pp_light_00098.fits	0	60192.465655162	2460192.465655162	NaN	NaN	0	1.172016	NaN	-10.4	40	NaN	NaN	4050133.4843760603	1387.3133798225242	36936	29.44616950878086	3929	433449.89438420464	204.229050513273	9555	24.33358954650269	3903
r_pp_light_00099.fits	0	60192.46620021993	2460192.46620022	NaN	NaN	0	1.17243	NaN	-10.4	40	NaN	NaN	3609127.2712494894	1272.9522980007769	37747	31.37464424320828	3865	438992.07824872975	206.7454453836865	13025	27.038295713923407	3943
r_pp_light_00100.fits	0	60192.46674475726	2460192.4667447573	NaN	NaN	0	1.172847	NaN	-10.4	40	NaN	NaN	3495941.877367767	1242.9624317388107	36325	30.552584211879662	3889	440736.8149331122	207.7577281679944	13459	25.454723926380368	4075
r_pp_light_00101.fits	0	60192.467289282475	2460192.4672892825	NaN	NaN	0	1.173266	NaN	-10.3	40	NaN	NaN	3569848.2547014477	1262.8358247382735	37617	30.159631619339983	3909	437222.3947914774	205.93673777690105	12732	25.36910527657405	3923
r_pp_light_00102.fits	0	60192.46783432877	2460192.4678343288	NaN	NaN	0	1.173688	NaN	-10.3	40	NaN	NaN	3610041.457137056	1273.0135639696696	37722	30.51435281837161	3832	439508.89891439636	207.0496196845069	10542	26.594628514056225	3984
r_pp_light_00103.fits	0	60192.468378785066	2460192.468378785	NaN	NaN	0	1.174112	NaN	-10.3	40	NaN	NaN	3917478.6033030385	1353.4140135375562	38305	31.483606557377048	3904	431804.68803185783	203.6603375610063	10145	25.603443973047167	4007
r_pp_light_00104.fits	0	60192.46892318316	2460192.468923183	NaN	NaN	0	1.174539	NaN	-10.3	40	NaN	NaN	3750530.455941191	1309.708354851768	37248	29.923137667807318	3799	437233.53296419035	206.00916195484692	11430	24.13700707785642	3956
r_pp_light_00105.fits	0	60192.46946825227	2460192.4694682523	NaN	NaN	0	1.174969	NaN	-10.3	40	NaN	NaN	3817908.196685852	1328.1611710313982	37793	31.143686868686867	3960	437190.431442705	206.13824047273232	10198	26.10406905055487	4055
r_pp_light_00106.fits	0	60192.470012696926	2460192.470012697	NaN	NaN	0	1.175402	NaN	-10.3	40	NaN	NaN	3619168.70860022	1275.9070137420363	36186	31.458099131323454	3914	435321.976098521	205.19120431094007	12043	26.436810431293882	3988
r_pp_light_00107.fits	0	60192.470557557885	2460192.470557558	NaN	NaN	0	1.175837	NaN	-10.3	40	NaN	NaN	3579589.8354230337	1265.2741431857025	41920	31.14296734379018	3889	436584.88960237347	205.6775893767481	11650	27.476697061803446	3948
r_pp_light_00108.fits	0	60192.47110284725	2460192.4711028473	NaN	NaN	0	1.176275	NaN	-10.4	40	NaN	NaN	3708363.9493156634	1299.485121111846	37225	30.99465648854962	3930	434070.52477234375	204.63033410570713	10828	26.545522949586154	3987
r_pp_light_00109.fits	0	60192.47164760437	2460192.4716476044	NaN	NaN	0	1.176715	NaN	-10.3	40	NaN	NaN	3500664.3590290607	1243.5841930131483	37666	30.612255678816695	3786	434738.97371737857	204.91022673404916	12358	26.526408450704224	3976
r_pp_light_00110.fits	0	60192.472193252295	2460192.4721932523	NaN	NaN	0	1.177159	NaN	-10.4	40	NaN	NaN	3357327.8647092273	1205.400605352251	37293	31.946704428424304	3884	438569.0457109796	206.55183581281133	13481	28.033713561470215	3945
r_pp_light_00111.fits	0	60192.472740694415	2460192.4727406944	NaN	NaN	0	1.177606	NaN	-10.3	40	NaN	NaN	3477641.3632823853	1238.5649942778182	36534	30.353207547169813	3975	436392.20678286196	205.74795883014178	12411	27.421925266023262	4041
r_pp_light_00112.fits	0	60192.47328577563	2460192.4732857756	NaN	NaN	0	1.178055	NaN	-10.3	40	NaN	NaN	3971248.060523582	1367.7429608779498	37139	32.08006984285358	4009	432358.4958757445	203.86510820888503	9542	27.080972674855854	3989
r_pp_light_00113.fits	0	60192.473830717616	2460192.4738307176	NaN	NaN	0	1.178506	NaN	-10.3	40	NaN	NaN	3528202.086534562	1251.5447381039519	39636	29.322922044398556	3874	434375.6858175426	204.74371178597391	12549	25.472530241935484	3968
r_pp_light_00114.fits	0	60192.4743763078	2460192.474376308	NaN	NaN	0	1.17896	NaN	-10.3	40	NaN	NaN	3798294.440683253	1323.193053483868	36554	29.706874842608915	3971	436718.8100353667	205.89821072580153	10689	24.982138427189284	4031
r_pp_light_00115.fits	0	60192.474921689834	2460192.47492169	NaN	NaN	0	1.179416	NaN	-10.3	40	NaN	NaN	3613428.264801305	1274.4298420923467	38375	30.884124553343543	3918	438253.73072337406	206.55514007750202	10883	27.60203574975174	4028
r_pp_light_00116.fits	0	60192.47546839155	2460192.4754683916	NaN	NaN	0	1.179877	NaN	-10.3	40	NaN	NaN	3784583.9625805086	1319.109735888736	38131	31.494734138196762	3893	429724.0915981229	202.71607213991572	9892	26.993008739076156	4005
r_pp_light_00117.fits	0	60192.47601451399	2460192.476014514	NaN	NaN	0	1.180339	NaN	-10.3	40	NaN	NaN	3564117.621178672	1261.1324410529644	35223	31.874485596707817	3888	436313.57594850165	205.3626119216016	10967	29.01040312093628	3845
r_pp_light_00118.fits	0	60192.476560115814	2460192.476560116	NaN	NaN	0	1.180804	NaN	-10.4	40	NaN	NaN	3636346.5487119136	1280.0738049902984	38716	31.10332294911734	3852	437251.4693348431	206.08977665427952	10334	26.282294264339154	4010
r_pp_light_00119.fits	0	60192.489416296594	2460192.4894162966	NaN	NaN	0	1.192449	NaN	-10.3	40	NaN	NaN	3492061.8918026034	1242.246488073718	36385	30.509003296981994	3943	433673.3117145532	204.4184471226806	10743	25.680969207470973	3962
r_pp_light_00120.fits	0	60192.4899616437	2460192.4899616437	NaN	NaN	0	1.192971	NaN	-10.3	40	NaN	NaN	3292865.216942989	1188.0193373084035	36970	30.11938775510204	3920	433311.3340175758	204.22077135918565	13595	27.53240506329114	3950
r_pp_light_00121.fits	0	60192.49050796311	2460192.490507963	NaN	NaN	0	1.1935	NaN	-10.4	40	NaN	NaN	3454578.4001418506	1231.5329883490235	37229	32.429054054054056	3848	437084.91830037243	205.9645996999162	10980	27.331994981179424	3985
r_pp_light_00122.fits	0	60192.49105337961	2460192.4910533796	NaN	NaN	0	1.194029	NaN	-10.3	40	NaN	NaN	3572832.129733843	1263.931299862328	37136	32.821042033727664	3973	427704.2691003032	201.6299898116431	9820	28.45605944145529	3903
r_pp_light_00123.fits	0	60192.491598668974	2460192.491598669	NaN	NaN	0	1.194561	NaN	-10.3	40	NaN	NaN	3253775.3021281553	1177.320741237661	34790	31.862725196650597	3941	433462.1536385	204.29115308985962	12998	27.36851430017717	3951
r_pp_light_00124.fits	0	60192.492144919	2460192.492144919	NaN	NaN	0	1.195098	NaN	-10.3	40	NaN	NaN	3140001.456771261	1144.7270927495165	37801	33.01874340021119	3788	435157.11086225335	205.0518703944995	13458	28.20288024254674	3958
r_pp_light_00125.fits	0	60192.492691065185	2460192.492691065	NaN	NaN	0	1.195636	NaN	-10.4	40	NaN	NaN	3186549.9948655525	1158.0234853805998	37360	33.95912522780526	3841	431066.7604674667	202.9395533034138	13127	28.35415019762846	3795
r_pp_light_00126.fits	0	60192.493237257004	2460192.493237257	NaN	NaN	0	1.196175	NaN	-10.3	40	NaN	NaN	3041256.0107510067	1117.5308147850299	35098	34.413589743589746	3900	434643.5075644129	204.76406114531255	15539	29.4735368956743	3930
r_pp_light_00127.fits	0	60192.49378190981	2460192.49378191	NaN	NaN	0	1.196718	NaN	-10.4	40	NaN	NaN	3305169.669672102	1191.577008987374	36694	33.00958385876419	3965	430064.4610200851	202.6351372092139	11551	29.45257731958763	3880
r_pp_light_00128.fits	0	60192.49432734959	2460192.4943273496	NaN	NaN	0	1.197264	NaN	-10.3	40	NaN	NaN	3732144.867226001	1305.2242185266784	35264	33.98681148176881	3867	421891.16764907347	199.04190070218772	9030	28.9516747634876	3911
r_pp_light_00129.fits	0	60192.4948732988	2460192.494873299	NaN	NaN	0	1.197813	NaN	-10.3	40	NaN	NaN	3273346.573053218	1182.7526832300769	35412	32.52962025316456	3950	429919.9640455608	202.51738819035293	12226	28.039292219620087	3843
r_pp_light_00130.fits	0	60192.49541781284	2460192.495417813	NaN	NaN	0	1.198361	NaN	-10.4	40	NaN	NaN	3440701.1728962422	1227.9925885561865	36251	33.015190525231716	3884	429866.18615231704	202.5293680933212	10473	29.426614987080104	3870
r_pp_light_00131.fits	0	60192.495964097325	2460192.4959640973	NaN	NaN	0	1.198916	NaN	-10.3	40	NaN	NaN	3481741.2399567873	1237.879861644125	35928	34.787274197897005	3709	427654.7536762661	201.4418876722053	11144	30.638125163655406	3819
r_pp_light_00132.fits	0	60192.496509491	2460192.496509491	NaN	NaN	0	1.199473	NaN	-10.3	40	NaN	NaN	3402043.774392203	1217.4574159175233	36652	34.073510446221306	3877	429856.6354226524	202.5801945863735	11642	29.506406970784212	3902
r_pp_light_00133.fits	0	60192.49705583369	2460192.4970558337	NaN	NaN	0	1.200033	NaN	-10.3	40	NaN	NaN	3565459.4021804677	1261.5045678892593	37272	35.453428863868986	3908	425374.69338594744	200.40205941793258	10174	30.291721419185283	3805
r_pp_light_00134.fits	0	60192.49760047486	2460192.497600475	NaN	NaN	0	1.200594	NaN	-10.3	40	NaN	NaN	3719941.588393973	1302.4380322729053	36241	34.91795783591567	3937	420835.92906088376	198.7211652925627	8478	29.8442725230846	4007
r_pp_light_00135.fits	0	60192.498146747705	2460192.4981467477	NaN	NaN	0	1.20116	NaN	-10.3	40	NaN	NaN	3328127.8345789127	1197.28447837236	37743	36.49163018284831	3883	428931.1937769746	202.09317150214417	12291	32.08290289256198	3872
r_pp_light_00136.fits	0	60192.49869209528	2460192.4986920953	NaN	NaN	0	1.201725	NaN	-10.3	40	NaN	NaN	3298899.089633628	1189.473338139519	35926	34.4776042999744	3907	430416.10232787754	202.70462175118146	12641	31.63290809684978	3841
r_pp_light_00137.fits	0	60192.49923835648	2460192.4992383565	NaN	NaN	0	1.202296	NaN	-10.4	40	NaN	NaN	3927659.684467192	1355.8549936163267	35256	33.708151195680124	3889	421245.7400844355	198.83453374253824	7234	29.429328621908127	3962
r_pp_light_00138.fits	0	60192.49978289381	2460192.499782894	NaN	NaN	0	1.202868	NaN	-10.3	40	NaN	NaN	3275893.4200386023	1183.1596731877964	35672	34.61202046035805	3910	432198.7358402163	203.50741839969976	12429	30.278197447251888	3839
r_pp_light_00139.fits	0	60192.50032844907	2460192.500328449	NaN	NaN	0	1.203441	NaN	-10.3	40	NaN	NaN	3555049.2881590463	1258.603186321411	36148	33.670964414646726	3878	428614.05266328395	202.07034724793155	9804	30.08496565759349	3931
r_pp_light_00140.fits	0	60192.50087353028	2460192.5008735303	NaN	NaN	0	1.204019	NaN	-10.3	40	NaN	NaN	3551935.9424611265	1258.2616735008826	36155	33.45022738756948	3958	422089.8925767051	199.13790470542972	10841	29.918877551020408	3920
r_pp_light_00141.fits	0	60192.50142040523	2460192.501420405	NaN	NaN	0	1.204601	NaN	-10.4	40	NaN	NaN	3416657.663801799	1220.729361124673	38646	35.41028359395706	3773	427297.25612053985	201.49207657063863	11949	31.13191273465246	3942
r_pp_light_00142.fits	0	60192.50196508132	2460192.5019650813	NaN	NaN	0	1.205184	NaN	-10.3	40	NaN	NaN	3431943.0635201046	1225.6841564607473	37795	34.75089697590979	3902	428344.1930203294	201.77567147193312	10945	30.083268076220307	3831
r_pp_light_00143.fits	0	60192.50251054391	2460192.502510544	NaN	NaN	0	1.205768	NaN	-10.3	40	NaN	NaN	3651220.5723140137	1284.3888018556188	37837	34.975095298602284	3935	427028.4483934725	201.41816470612062	9673	31.417275245530092	3971
r_pp_light_00144.fits	0	60192.50305581046	2460192.5030558105	NaN	NaN	0	1.206356	NaN	-10.4	40	NaN	NaN	3364855.940632526	1206.8785995778162	37558	35.585609243697476	3808	428365.48656475294	201.94678541653272	11387	30.162334352701325	3924
r_pp_light_00145.fits	0	60192.503601226956	2460192.503601227	NaN	NaN	0	1.206948	NaN	-10.3	40	NaN	NaN	3383116.908345053	1212.216668151507	35943	36.0702842377261	3870	429096.0851105802	202.1874198902137	11666	32.528306742151315	3886
r_pp_light_00146.fits	0	60192.50414581038	2460192.5041458104	NaN	NaN	0	1.207528	NaN	-10.3	40	NaN	NaN	3379519.4544881037	1211.343649148825	36340	35.99536917931567	3887	426899.0230377599	201.29841413821475	12175	31.801575203252032	3936
r_pp_light_00147.fits	0	60192.5046925582	2460192.504692558	NaN	NaN	0	1.208124	NaN	-10.3	40	NaN	NaN	3358622.0403865967	1205.5482272588326	37487	35.64581178903826	3868	431298.53871634137	203.1476387843838	12746	30.822509702457957	3865
r_pp_light_00148.fits	0	60192.505238206126	2460192.505238206	NaN	NaN	0	1.208726	NaN	-10.3	40	NaN	NaN	3411879.1765666325	1219.8565128135685	35772	36.48816644993498	3845	432106.20826760423	203.47836417443534	11853	32.406379668049794	3856
r_pp_light_00149.fits	0	60192.505784791894	2460192.505784792	NaN	NaN	0	1.209327	NaN	-10.3	40	NaN	NaN	3649770.837915183	1284.237890055862	36860	36.58011049723757	3982	429331.10976870434	202.31955742591103	9906	31.769112365315546	3898
r_pp_light_00150.fits	0	60192.506330636796	2460192.506330637	NaN	NaN	0	1.209933	NaN	-10.4	40	NaN	NaN	3552395.712084404	1258.2730948826018	37230	35.993927125506076	3952	428613.9132789491	202.01393855837395	9832	31.891732787304836	3907
r_pp_light_00151.fits	0	60192.50687604165	2460192.5068760416	NaN	NaN	0	1.210538	NaN	-10.3	40	NaN	NaN	3592628.6515075285	1268.022362017941	36343	38.0672268907563	3808	427248.53219723614	201.3995170956556	9773	32.260880696364566	3906
r_pp_light_00152.fits	0	60192.50742067164	2460192.5074206716	NaN	NaN	0	1.211147	NaN	-10.4	40	NaN	NaN	3492358.8475079443	1241.5028923797083	35419	37.61087975013014	3842	427056.87502818427	201.30408325838152	10810	33.021772540983605	3904
r_pp_light_00153.fits	0	60192.507966123056	2460192.507966123	NaN	NaN	0	1.21176	NaN	-10.3	40	NaN	NaN	3414772.6807799675	1219.851049935691	36582	37.55260332796565	3726	424232.16856393457	199.9483025245782	11700	33.50908618899273	3852
r_pp_light_00154.fits	0	60192.50851145852	2460192.5085114585	NaN	NaN	0	1.212375	NaN	-10.4	40	NaN	NaN	3320268.401255806	1194.6423083876975	39507	37.54254201680672	3808	427952.2855132783	201.6584087223318	12285	34.10301313417461	3883
r_pp_light_00155.fits	0	60192.509056828916	2460192.509056829	NaN	NaN	0	1.212994	NaN	-10.3	40	NaN	NaN	3150169.739487458	1147.9372605649137	37156	37.48539674334453	3869	430519.1431583716	202.8733779869277	13898	31.828476482617585	3912
r_pp_light_00156.fits	0	60192.50960256951	2460192.5096025695	NaN	NaN	0	1.213615	NaN	-10.4	40	NaN	NaN	3385835.8201692267	1213.0805018428775	38189	37.99	3900	426849.6501077332	201.21353302369067	12146	34.006649616368286	3910
r_pp_light_00157.fits	0	60192.510148125235	2460192.5101481252	NaN	NaN	0	1.214236	NaN	-10.3	40	NaN	NaN	3469438.574505317	1236.3144827660583	38369	37.892910634048924	4006	428289.0747804506	201.65388281718938	11472	31.540697674418606	3784
r_pp_light_00158.fits	0	60192.51069322927	2460192.5106932293	NaN	NaN	0	1.214862	NaN	-10.3	40	NaN	NaN	3079201.84564556	1127.8550219156425	38409	37.88328567715103	3847	434455.5027276822	204.5752471411272	15191	33.00282994597376	3887
r_pp_light_00159.fits	0	60192.51123877335	2460192.5112387734	NaN	NaN	0	1.215491	NaN	-10.3	40	NaN	NaN	3327107.131103492	1196.4728861236324	36355	39.39475065616798	3810	430839.33678475255	202.84523267272525	12583	33.71208158995816	3824
r_pp_light_00160.fits	0	60192.511783854105	2460192.511783854	NaN	NaN	0	1.216122	NaN	-10.3	40	NaN	NaN	3281738.586648698	1184.4301842011403	38555	38.04496124031008	3870	425982.3591506519	200.93520469537515	13317	32.472397277539706	3967
r_pp_light_00161.fits	0	60192.51232979167	2460192.5123297917	NaN	NaN	0	1.216755	NaN	-10.3	40	NaN	NaN	3404805.3292863285	1217.6848579756988	35485	37.94463395434269	3811	427515.68876148	201.44265184557358	12062	32.648033126293996	3864
r_pp_light_00162.fits	0	60192.51287459489	2460192.512874595	NaN	NaN	0	1.217392	NaN	-10.3	40	NaN	NaN	3476684.773622732	1236.7630792291604	37978	38.37293992557151	3762	429107.43524416775	202.21752412929087	11430	33.457106274007685	3905
r_pp_light_00163.fits	0	60192.5134201739	2460192.513420174	NaN	NaN	0	1.218031	NaN	-10.4	40	NaN	NaN	3270796.1366367093	1181.84822312544	37734	37.46522842639594	3940	434150.5025108025	204.47259405987046	12753	31.976159958984876	3901
r_pp_light_00164.fits	0	60192.513964687474	2460192.5139646875	NaN	NaN	0	1.218672	NaN	-10.4	40	NaN	NaN	3482883.01437707	1238.7530603715243	36894	39.06367924528302	3816	429459.0104888094	202.28695715537583	11056	32.43116883116883	3850
r_pp_light_00165.fits	0	60192.514510116074	2460192.514510116	NaN	NaN	0	1.219316	NaN	-10.4	40	NaN	NaN	3294255.495823701	1187.7955910319413	37196	39.4296066252588	3864	427687.18969926133	201.56490508652806	12890	33.420647149460706	3894
r_pp_light_00166.fits	0	60192.51505637728	2460192.5150563773	NaN	NaN	0	1.219964	NaN	-10.3	40	NaN	NaN	3163358.3670213916	1151.453382800433	39369	39.637496754089845	3851	428530.722645203	201.8910147842463	14779	34.026628748707346	3868
r_pp_light_00167.fits	0	60192.51560270833	2460192.5156027083	NaN	NaN	0	1.2206	NaN	-10.3	40	NaN	NaN	3423977.7351962114	1222.8920457096117	36769	38.91749607124149	3818	429612.908956523	202.6022548584819	12579	32.99974981235927	3997
r_pp_light_00168.fits	0	60192.516148483846	2460192.516148484	NaN	NaN	0	1.221253	NaN	-10.3	40	NaN	NaN	3358069.253977607	1205.5028432346537	35672	40.46866206190842	3909	426699.27942524647	201.1295635652046	12561	34.37467965146079	3902
r_pp_light_00169.fits	0	60192.516694108956	2460192.516694109	NaN	NaN	0	1.221907	NaN	-10.3	40	NaN	NaN	3545796.158854514	1255.5735560674204	35412	40.46910994764398	3820	429634.48408395867	202.33085316256597	11971	33.75996872556685	3837
r_pp_light_00170.fits	0	60192.51723868074	2460192.5172386807	NaN	NaN	0	1.222565	NaN	-10.3	40	NaN	NaN	3702562.0068030288	1297.759114285545	37893	39.27813055626111	3937	422858.9508885636	199.3384853814166	10154	32.44868797090153	3849
r_pp_light_00171.fits	0	60192.517785127275	2460192.5177851273	NaN	NaN	0	1.223227	NaN	-10.3	40	NaN	NaN	3387134.7095551235	1213.2751573262187	37679	38.45149638802889	3876	424708.2894719008	200.29936636496478	13004	31.59903135355595	3923
r_pp_light_00172.fits	0	60192.51832987275	2460192.5183298727	NaN	NaN	0	1.22389	NaN	-10.3	40	NaN	NaN	3449761.345511162	1230.3148350551521	36429	39.01875160544567	3893	426767.57388881093	201.06100697055027	12042	33.502733663108565	3841
r_pp_light_00173.fits	0	60192.51887537073	2460192.5188753707	NaN	NaN	0	1.224554	NaN	-10.4	40	NaN	NaN	3438764.120342226	1226.9017177054031	37626	40.367389600209044	3827	423637.5641589167	199.62514277319238	12876	34.06698063840921	3822
r_pp_light_00174.fits	0	60192.519420058	2460192.519420058	NaN	NaN	0	1.225222	NaN	-10.4	40	NaN	NaN	3426425.5163787645	1223.4839043080274	38396	40.87237945492662	3816	426525.44308704836	200.9503241308233	12568	33.39202917426413	3839
r_pp_light_00175.fits	0	60192.51996552106	2460192.519965521	NaN	NaN	0	1.22588	NaN	-10.3	40	NaN	NaN	3447036.577979927	1229.2759886151148	38730	41.45577172503243	3855	423899.22842855833	199.7782347358686	12908	33.963040083289954	3842
r_pp_light_00176.fits	0	60192.520510741044	2460192.520510741	NaN	NaN	0	1.226554	NaN	-10.3	40	NaN	NaN	3526298.784059154	1250.3969924652397	37053	41.4309219117263	3829	423052.78725819156	199.4293879594743	11826	34.43874643874644	3861
r_pp_light_00177.fits	0	60192.521056307945	2460192.521056308	NaN	NaN	0	1.227231	NaN	-10.3	40	NaN	NaN	3527539.564659366	1250.8992462984863	36393	41.98186058564395	3859	425970.6675395948	200.6561680662048	13133	33.84272608125819	3815
r_pp_light_00178.fits	0	60192.52160089137	2460192.5216008914	NaN	NaN	0	1.227908	NaN	-10.3	40	NaN	NaN	3788347.8154368806	1319.502495674751	37957	42.53542694004672	3853	421209.3134195428	198.57752888543783	10586	32.99088066701407	3838
r_pp_light_00179.fits	0	60192.522147396114	2460192.522147396	NaN	NaN	0	1.228591	NaN	-10.3	40	NaN	NaN	3684795.207531973	1291.5496583701738	36765	42.06878877798759	3707	424980.1972236771	200.32264865359284	13005	33.49212903225806	3875
r_pp_light_00180.fits	0	60192.52269230317	2460192.522692303	NaN	NaN	0	1.229261	NaN	-10.3	40	NaN	NaN	3707110.31391419	1298.3545156477683	36737	43.56591556591557	3861	421701.081010187	198.79797910577258	12408	33.1198228705392	3839
r_pp_light_00181.fits	0	60192.52323861141	2460192.5232386114	NaN	NaN	0	1.22995	NaN	-10.4	40	NaN	NaN	4024533.067265884	1379.3026680802402	36409	45.14323677916556	3763	420869.92256332375	198.517191256847	9754	34.054414784394254	3896
r_pp_light_00182.fits	0	60192.52378434036	2460192.5237843404	NaN	NaN	0	1.230639	NaN	-10.4	40	NaN	NaN	3832003.066142206	1330.8497407561174	35743	43.32936610608021	3865	425644.7842476385	200.74923544164423	12035	33.47380410022779	3951
r_pp_light_00183.fits	0	60192.524330706336	2460192.5243307063	NaN	NaN	0	1.231333	NaN	-10.4	40	NaN	NaN	3826959.0457506035	1329.7449404675097	36397	44.017435897435895	3900	425746.79037526634	200.60282741702048	12852	33.38134930971607	3839
r_pp_light_00184.fits	0	60192.52487663226	2460192.5248766323	NaN	NaN	0	1.23203	NaN	-10.3	40	NaN	NaN	3927150.558977339	1355.7632370274566	35633	45.58320687910976	3954	425560.44024451403	200.56649669647484	10984	34.484112632394734	3871
r_pp_light_00185.fits	0	60192.525422094855	2460192.525422095	NaN	NaN	0	1.232728	NaN	-10.3	40	NaN	NaN	3914331.661804469	1351.7189710240254	35982	46.41512385919165	3835	424680.0178798431	200.19677825530212	10554	33.95801133436373	3882
r_pp_light_00186.fits	0	60192.52596812509	2460192.525968125	NaN	NaN	0	1.233428	NaN	-10.3	40	NaN	NaN	3978126.5822765827	1368.0114904248376	35737	45.57950990615224	3836	421602.1614733264	199.00811260517398	10546	34.022533800701055	3994
r_pp_light_00187.fits	0	60192.526514525525	2460192.5265145255	NaN	NaN	0	1.234118	NaN	-10.4	40	NaN	NaN	4112690.935780838	1401.5178082575235	35140	45.350928381962866	3770	419255.552700926	197.72901926449038	10088	33.76452282157676	3856
r_pp_light_00188.fits	0	60192.52705909731	2460192.5270590973	NaN	NaN	0	1.234823	NaN	-10.4	40	NaN	NaN	4052293.4168402036	1385.7545602869434	34829	47.1181251693308	3691	421744.0713640274	199.01193008840553	10725	33.49557522123894	3955
r_pp_light_00189.fits	0	60192.52760556713	2460192.527605567	NaN	NaN	0	1.235532	NaN	-10.3	40	NaN	NaN	4134816.2708577625	1408.060285284266	34795	46.082188295165395	3930	421267.0907941614	198.73545327910287	10047	34.05382653061225	3920
r_pp_light_00190.fits	0	60192.52815092588	2460192.528150926	NaN	NaN	0	1.236244	NaN	-10.3	40	NaN	NaN	4218201.558584897	1427.7396440356763	34597	45.57837407013815	3764	419912.5702425971	198.0181835531508	9102	34.32053941908714	3856
r_pp_light_00191.fits	0	60192.52869650489	2460192.528696505	NaN	NaN	0	1.236958	NaN	-10.3	40	NaN	NaN	4131158.0430858033	1406.7866061225805	35528	46.95666752643797	3877	421609.26967945736	198.81133158599442	9817	34.930394431554525	3879
r_pp_light_00192.fits	0	60192.52924165502	2460192.529241655	NaN	NaN	0	1.237675	NaN	-10.4	40	NaN	NaN	4028579.757284737	1380.2929005902247	34740	47.069020440668965	3767	424140.3287421213	199.93288066015631	10652	35.647923652308485	3877
r_pp_light_00193.fits	0	60192.52978733787	2460192.529787338	NaN	NaN	0	1.23838	NaN	-10.3	40	NaN	NaN	4382051.71541303	1468.4032720455416	35096	46.45421340986173	3833	417869.0843092553	197.1340278479886	7474	34.46747547754259	3874
r_pp_light_00194.fits	0	60192.53033327544	2460192.5303332754	NaN	NaN	0	1.239101	NaN	-10.4	40	NaN	NaN	4286203.491304428	1444.6985835022656	34471	48.41403785488959	3804	421964.2947262612	198.82348916726232	9042	35.44470774091627	3798
r_pp_light_00195.fits	0	60192.53087872686	2460192.530878727	NaN	NaN	0	1.239826	NaN	-10.3	40	NaN	NaN	4088106.8651183895	1396.4464679880948	35073	48.14618108244815	3954	421467.93674237345	198.51778418963798	10672	33.987182910547396	3745
r_pp_light_00196.fits	0	60192.531424456276	2460192.5314244563	NaN	NaN	0	1.240554	NaN	-10.3	40	NaN	NaN	4256805.373970747	1437.336019782795	33521	50.031900870023726	3793	418122.74776912027	197.32801808837618	7577	36.36759094378021	3931
r_pp_light_00197.fits	0	60192.53197079897	2460192.531970799	NaN	NaN	0	1.241284	NaN	-10.4	40	NaN	NaN	4211836.971706065	1426.4070108997564	34774	49.1323028556458	3817	421641.99924309226	198.75780068951545	8339	33.92933507170795	3835
r_pp_light_00198.fits	0	60192.53251668997	2460192.53251669	NaN	NaN	0	1.242002	NaN	-10.3	40	NaN	NaN	4344877.026073033	1459.1075943082478	34345	51.42098377812663	3822	399140.07039074233	188.76023771048057	6487	35.945585215605746	3896
r_pp_light_00199.fits	0	60192.53306216467	2460192.5330621647	NaN	NaN	0	1.242736	NaN	-10.4	40	NaN	NaN	4340398.663729961	1457.906427822684	34079	52.927616050354054	3813	417053.31094923214	196.7343332043671	7038	35.136375421311904	3857
r_pp_light_00200.fits	0	60192.53360789362	2460192.5336078936	NaN	NaN	0	1.243475	NaN	-10.3	40	NaN	NaN	4245683.431121568	1434.9676423926371	36228	52.503366131538066	3862	417473.8808119001	196.92417345644634	8122	34.93259009592948	3857
r_pp_light_00201.fits	0	60192.534154108725	2460192.5341541087	NaN	NaN	0	1.244217	NaN	-10.3	40	NaN	NaN	4109281.6578427595	1400.816419558152	34149	54.97993746743095	3838	419220.9967855231	197.67167559748043	8945	36.09159510798855	3843
r_pp_light_00202.fits	0	60192.534698761534	2460192.5346987615	NaN	NaN	0	1.244961	NaN	-10.4	40	NaN	NaN	4277771.481283671	1442.6576008313464	33563	55.83714880332987	3844	413568.81477861677	195.18933803200517	6355	34.60186383639658	3863
r_pp_light_00203.fits	0	60192.5352459494	2460192.5352459494	NaN	NaN	0	1.245708	NaN	-10.3	40	NaN	NaN	3881404.504712706	1343.3783705735127	33733	56.329912775782454	3898	419634.8763828537	197.83732399234114	9068	35.47662575084878	3829
r_pp_light_00204.fits	0	60192.53579045134	2460192.5357904513	NaN	NaN	0	1.24644	NaN	-10.3	40	NaN	NaN	4261498.608349509	1438.063700216041	33777	56.93937782504653	3761	410671.1320803993	193.9077655995412	5875	34.447055785123965	3872
r_pp_light_00205.fits	0	60192.53633663198	2460192.536336632	NaN	NaN	0	1.247191	NaN	-10.4	40	NaN	NaN	4182891.2427918795	1418.3216205094097	34419	59.42171581769437	3730	414363.82617420837	195.56880505599162	5942	35.05671564836298	3879
r_pp_light_00206.fits	0	60192.53688128479	2460192.536881285	NaN	NaN	0	1.247945	NaN	-10.3	40	NaN	NaN	3835532.8196368865	1330.7107989096194	34036	59.059322033898304	3776	421292.5268645196	198.72077524524803	9119	34.949603479150674	3909
r_pp_light_00207.fits	0	60192.53742831014	2460192.53742831	NaN	NaN	0	1.248704	NaN	-10.3	40	NaN	NaN	3687629.3434309885	1293.1956097128893	36040	60.50952986022872	3935	424513.61697261315	200.18429119146774	9705	35.348025477707004	3925
r_pp_light_00208.fits	0	60192.53797424771	2460192.5379742477	NaN	NaN	0	1.249463	NaN	-10.3	40	NaN	NaN	3667356.1577016027	1286.7286869387335	34651	61.01810436634718	3756	423386.9405656542	199.52805059384647	9622	36.516137428422695	3842
r_pp_light_00209.fits	0	60192.54133423604	2460192.541334236	NaN	NaN	0	1.254183	NaN	-10.4	40	NaN	NaN	3576169.314705254	1262.7014286040492	34851	67.88599262769878	3798	421742.5554485806	198.91438766136454	9197	32.39182939362796	3892
r_pp_light_00210.fits	0	60192.54187979177	2460192.5418797918	NaN	NaN	0	1.254945	NaN	-10.3	40	NaN	NaN	3872105.376359188	1339.5822247077065	34143	69.06524064171123	3740	421682.6547565545	198.90840252033098	8552	33.97699386503067	3912
r_pp_light_00211.fits	0	60192.55254402803	2460192.552544028	NaN	NaN	0	1.271168	NaN	-10.3	40	NaN	NaN	3451972.212881973	1226.2690109405492	33719	141.89925885259402	3643	421066.982200982	198.72714068076868	9801	39.1982478097622	3995
r_pp_light_00212.fits	0	60192.55309118051	2460192.5530911805	NaN	NaN	0	1.271982	NaN	-10.3	40	NaN	NaN	3274868.2458891063	1178.3368414770766	34633	140.96764545948886	3678	419122.14393287833	197.7330815203426	11173	36.59099052981828	3907
r_pp_light_00213.fits	0	60192.55363738444	2460192.5536373844	NaN	NaN	0	1.272816	NaN	-10.3	40	NaN	NaN	3457414.2702171537	1228.6043781983267	33738	150.04119653634217	3811	418738.0268149288	197.6602244795604	9204	36.486888552697934	3966
r_pp_light_00214.fits	0	60192.554184340406	2460192.5541843404	NaN	NaN	0	1.273652	NaN	-10.3	40	NaN	NaN	3413825.685699552	1216.6116821571575	34721	150.51972464919248	3777	414721.383800822	195.72057693385813	8696	38.33161953727507	3890
r_pp_light_00215.fits	0	60192.55473039346	2460192.5547303935	NaN	NaN	0	1.274472	NaN	-10.3	40	NaN	NaN	3325097.6802782263	1192.3298413402097	35166	155.4811970338983	3776	420105.99948121386	198.14710584739728	9902	36.65904419321686	3892
r_pp_light_00216.fits	0	60192.555278530344	2460192.5552785303	NaN	NaN	0	1.275318	NaN	-10.3	40	NaN	NaN	3249032.8983959258	1171.3858774279402	36377	165.73525557011794	3815	421366.42732618965	198.61070184267518	11293	38.06690965894298	3841
r_pp_light_00217.fits	0	60192.55656929407	2460192.556569294	NaN	NaN	0	1.277298	NaN	-10.4	40	NaN	NaN	3399827.2110715685	1212.922692299926	33825	157.88502743663443	3827	417676.8898308547	196.91983510692995	9738	36.52047244094488	3810
r_pp_light_00218.fits	0	60192.557577430736	2460192.5575774307	NaN	NaN	0	1.278868	NaN	-10.3	40	NaN	NaN	3361319.4992806814	1202.5676387543842	33770	151.0737145855194	3812	418680.3568041658	197.41255068773057	9373	36.08426819723454	3833
r_pp_light_00219.fits	0	60192.5581239122	2460192.558123912	NaN	NaN	0	1.279705	NaN	-10.3	40	NaN	NaN	3262857.8968628654	1173.146637294815	34564	151.57192474674386	3455	419844.5946897075	198.0080484323751	10564	37.683316168898045	3884
r_pp_light_00220.fits	0	60192.558670694474	2460192.5586706945	NaN	NaN	0	1.280564	NaN	-10.3	40	NaN	NaN	3270622.6860046047	1175.258682278897	34740	147.44819557625146	3436	419230.2878968232	197.77345628922646	10254	35.92433957424981	3899
r_pp_light_00221.fits	0	60192.55921677081	2460192.559216771	NaN	NaN	0	1.281424	NaN	-10.3	40	NaN	NaN	3277328.7754061194	1178.19842545129	33395	157.00854936569223	3626	417503.12136565364	196.8772718823653	10261	36.518537859007836	3830
r_pp_light_00222.fits	0	60192.55976400478	2460192.559764005	NaN	NaN	0	1.282269	NaN	-10.3	40	NaN	NaN	3380855.795011807	1205.6962170957297	34637	154.01027397260273	3504	417456.1109659866	196.60850931081765	9311	36.965899864682	3695
r_pp_light_00223.fits	0	60192.56031197915	2460192.560311979	NaN	NaN	0	1.283137	NaN	-10.3	40	NaN	NaN	3408993.8172098487	1211.8659092120765	33721	152.95986722993362	3314	415307.496826121	195.960504561771	8719	39.82801235839341	3884
r_pp_light_00224.fits	0	60192.56086028926	2460192.5608602893	NaN	NaN	0	1.284009	NaN	-10.4	40	NaN	NaN	3244636.9960390553	1167.9261461121325	34347	160.03236058942502	3461	418928.6010018493	197.5515267840709	9846	37.327107652399484	3855
r_pp_light_00225.fits	0	60192.561406643596	2460192.5614066436	NaN	NaN	0	1.284879	NaN	-10.4	40	NaN	NaN	3230518.1690890156	1163.7453818447677	36127	160.66141272621132	3426	417268.558915533	196.8372809161398	10496	35.996895213454074	3865
r_pp_light_00226.fits	0	60192.561954109	2460192.561954109	NaN	NaN	0	1.285736	NaN	-10.4	40	NaN	NaN	3140204.8698488	1140.971090060369	33523	162.76961823966064	3772	416194.67139875406	196.23646347354492	11323	36.00553213909378	3796
r_pp_light_00227.fits	0	60192.56250042841	2460192.5625004284	NaN	NaN	0	1.286612	NaN	-10.4	40	NaN	NaN	2985212.6061543925	1098.3442570103023	35482	168.79134350763073	3997	423400.7495452917	199.68023493011748	13163	35.546149923508416	3922
r_pp_light_00228.fits	0	60192.56304890057	2460192.5630489006	NaN	NaN	0	1.287475	NaN	-10.3	40	NaN	NaN	3093124.37421675	1128.2846801607486	34296	167.6056701030928	3880	421236.5668708409	198.56831702011027	11903	36.81919875130073	3844
r_pp_light_00229.fits	0	60192.5635948265	2460192.5635948265	NaN	NaN	0	1.288354	NaN	-10.3	40	NaN	NaN	3212224.2280524457	1161.7235121251913	34237	170.94651044319917	3926	417011.0344549246	196.79785934376758	10032	36.87761880429228	3914
r_pp_light_00230.fits	0	60192.564141284674	2460192.5641412847	NaN	NaN	0	1.289238	NaN	-10.3	40	NaN	NaN	3148931.892366953	1142.4666585175503	34678	147.0162829870859	3562	417907.7761997474	197.1813970976516	10105	36.58534085084572	3902
r_pp_light_00231.fits	0	60192.56468854193	2460192.564688542	NaN	NaN	0	1.290126	NaN	-10.3	40	NaN	NaN	3161840.445578346	1146.7649170553652	34326	156.47125506072874	3705	415558.79121226294	195.96381139867634	10205	36.50591327201051	3805
r_pp_light_00232.fits	0	60192.565234733745	2460192.5652347337	NaN	NaN	0	1.290996	NaN	-10.3	40	NaN	NaN	3048662.571807869	1116.0606732980473	34098	165.29204892966362	3924	419321.45729632257	197.7259960813237	10760	36.84397715472482	3852
r_pp_light_00233.fits	0	60192.56578312535	2460192.5657831253	NaN	NaN	0	1.29189	NaN	-10.3	40	NaN	NaN	2947618.3860915485	1087.268084328971	35776	166.97531806615777	3930	420305.4505691521	198.03117550762107	11870	37.07227958697379	3777
r_pp_light_00234.fits	0	60192.56632894697	2460192.566328947	NaN	NaN	0	1.292783	NaN	-10.3	40	NaN	NaN	3007506.8905365015	1103.7598512641393	34820	162.4814717477004	3805	415913.2945889686	196.21981456833103	10207	36.71154842050751	3862
r_pp_light_00235.fits	0	60192.56687608827	2460192.5668760883	NaN	NaN	0	1.293662	NaN	-10.3	40	NaN	NaN	2847471.759932915	1057.785197818342	33304	165.82448339000786	3823	417257.42747851415	196.8079741054712	12325	36.02233186185406	3851
r_pp_light_00236.fits	0	60192.56742353039	2460192.5674235304	NaN	NaN	0	1.294563	NaN	-10.3	40	NaN	NaN	2851153.3721683617	1058.519225458459	35862	168.41042603863457	3779	418283.92907905777	197.31031241411893	12404	38.06407617086979	3886
r_pp_light_00237.fits	0	60192.567969710566	2460192.5679697106	NaN	NaN	0	1.295464	NaN	-10.3	40	NaN	NaN	3003599.319161764	1102.4386950276396	35425	165.3718287526427	3784	415481.82568664954	196.02978653795586	10930	37.37729506077062	3867
r_pp_light_00238.fits	0	60192.56851817155	2460192.5685181716	NaN	NaN	0	1.296352	NaN	-10.4	40	NaN	NaN	2937520.1154765678	1083.9210177577586	34975	168.00622245268343	3857	416145.0693636809	196.2962917206632	10600	36.46423927178154	3845
r_pp_light_00239.fits	0	60192.56906442158	2460192.5690644216	NaN	NaN	0	1.297258	NaN	-10.3	40	NaN	NaN	2806178.2230080143	1045.7212249157717	35892	169.00078308535632	3831	416621.2380562469	196.51705373624353	11187	36.576623376623374	3850
r_pp_light_00240.fits	0	60192.56961290538	2460192.5696129054	NaN	NaN	0	1.298152	NaN	-10.3	40	NaN	NaN	2887046.59771046	1070.3391151414705	35530	173.45844636251542	4055	416639.9068462307	196.60777356945056	11807	36.93282051282051	3900
r_pp_light_00241.fits	0	60192.57016017381	2460192.570160174	NaN	NaN	0	1.299065	NaN	-10.3	40	NaN	NaN	3008674.935720722	1104.1829040039702	34279	173.31051407904934	3871	410362.17380226514	193.68591070329228	10158	37.161366006256515	3836
r_pp_light_00242.fits	0	60192.57070653932	2460192.5707065393	NaN	NaN	0	1.299979	NaN	-10.4	40	NaN	NaN	3043405.2987355203	1114.363663626827	34090	175.75628332063977	3939	415955.8658822016	196.30933153888358	10047	37.01382842509603	3905
r_pp_light_00243.fits	0	60192.571253854316	2460192.5712538543	NaN	NaN	0	1.300898	NaN	-10.4	40	NaN	NaN	2803192.5323760263	1045.832818613294	35050	174.03844246031747	4032	412316.90308114234	194.63053145006893	11761	38.50759721864538	3883
r_pp_light_00244.fits	0	60192.57179960655	2460192.5717996066	NaN	NaN	0	1.301796	NaN	-10.3	40	NaN	NaN	2992024.7207838064	1097.3792646692725	35369	164.52263023057216	3513	410619.3216605764	193.82792560462872	9436	38.066130705394194	3856
r_pp_light_00245.fits	0	60192.572347986046	2460192.572347986	NaN	NaN	0	1.302722	NaN	-10.4	40	NaN	NaN	2914565.7668424705	1076.5632478542905	33898	166.09159280150416	3723	415700.8281851661	196.02050984315258	10533	37.33666228646518	3805
r_pp_light_00246.fits	0	60192.5728942249	2460192.572894225	NaN	NaN	0	1.303627	NaN	-10.4	40	NaN	NaN	2832357.9749347027	1052.9708020150763	37667	163.37760555852486	3742	414562.33832560806	195.60207286553836	11842	38.301398239254276	3862
r_pp_light_00247.fits	0	60192.57344158599	2460192.573441586	NaN	NaN	0	1.304555	NaN	-10.3	40	NaN	NaN	2901716.4880392994	1071.5965500642924	35043	171.02365530836383	3551	414138.9009238719	195.3416138144672	10446	38.53244374672946	3822
r_pp_light_00248.fits	0	60192.57398868073	2460192.5739886807	NaN	NaN	0	1.305486	NaN	-10.3	40	NaN	NaN	2753994.0507897628	1028.9678474319976	35845	171.472399445215	3605	415683.64103800815	196.05161442452106	12214	39.42116236643211	3837
r_pp_light_00249.fits	0	60192.574536227155	2460192.574536227	NaN	NaN	0	1.3064	NaN	-10.4	40	NaN	NaN	2894042.9062592187	1068.9847192543862	35206	170.34517330277856	3491	410127.6067797194	193.56885898600876	10374	39.051328817092234	3838
r_pp_light_00250.fits	0	60192.575083541684	2460192.5750835417	NaN	NaN	0	1.307336	NaN	-10.3	40	NaN	NaN	2885239.9139436833	1066.3278929294413	35095	172.2613440551407	3482	408073.5149693584	192.7060246067354	10176	38.416645127940036	3869
r_pp_light_00251.fits	0	60192.57563011581	2460192.575630116	NaN	NaN	0	1.308274	NaN	-10.3	40	NaN	NaN	2784867.0485817613	1036.5452687601899	36130	169.1751846381093	3385	412737.7526614213	194.76934147964772	11139	39.6068929774553	3859
r_pp_light_00252.fits	0	60192.57617849531	2460192.5761784953	NaN	NaN	0	1.309197	NaN	-10.3	40	NaN	NaN	2716685.4803726897	1017.7183675340677	35946	169.85023883113234	3559	411880.2679573427	194.38240861220368	11699	37.45541980764232	3847
r_pp_light_00253.fits	0	60192.57672493067	2460192.5767249307	NaN	NaN	0	1.310139	NaN	-10.3	40	NaN	NaN	2553162.424445792	969.2134140859611	35908	171.07996679579412	3614	411443.0819367357	194.0342487168128	13638	38.571049136786186	3765
r_pp_light_00254.fits	0	60192.577273483854	2460192.577273484	NaN	NaN	0	1.311087	NaN	-10.3	40	NaN	NaN	2621619.9684658498	989.4524849126702	35415	169.3800281293952	3555	411028.97451517504	193.92723392584452	12370	38.04045179931705	3807
r_pp_light_00255.fits	0	60192.57782086823	2460192.577820868	NaN	NaN	0	1.312016	NaN	-10.4	40	NaN	NaN	2610721.165414493	985.3927051299281	35089	166.99445902595508	3429	406174.2461009485	191.72463742730343	11927	38.626251976805484	3794
r_pp_light_00256.fits	0	60192.57836812502	2460192.578368125	NaN	NaN	0	1.312967	NaN	-10.3	40	NaN	NaN	2673389.9752303325	1004.2787669156274	33780	173.90872560275545	3484	407194.72961067414	192.33756062388028	10785	39.38133196194394	3889
r_pp_light_00257.fits	0	60192.57891525468	2460192.5789152547	NaN	NaN	0	1.313921	NaN	-10.4	40	NaN	NaN	2577907.004945568	975.401540315345	34188	171.02920560747663	3424	405534.01320318505	191.55172606932126	11448	39.90380139643134	3867
r_pp_light_00258.fits	0	60192.57946377341	2460192.5794637734	NaN	NaN	0	1.314859	NaN	-10.3	40	NaN	NaN	2651915.3562175417	997.4198138390137	35621	170.50851938895417	3404	404405.3307605821	191.02266707530552	10913	39.38639314463776	3851
r_pp_light_00259.fits	0	60192.58000989584	2460192.580009896	NaN	NaN	0	1.315816	NaN	-10.4	40	NaN	NaN	2672920.6952555524	1004.2383730222897	34407	172.79965655409273	3494	401509.50400634867	189.59278558252973	10245	39.02305857407898	3773
r_pp_light_00260.fits	0	60192.58055714145	2460192.5805571415	NaN	NaN	0	1.316756	NaN	-10.3	40	NaN	NaN	2741390.8326737615	1024.3435310531972	33538	172.0509792626728	3472	400675.0046085872	189.37566047561876	9499	37.40902021772939	3858
r_pp_light_00261.fits	0	60192.58110456029	2460192.5811045603	NaN	NaN	0	1.31772	NaN	-10.3	40	NaN	NaN	2724616.595870473	1019.0438158467504	34420	168.4357394366197	3408	401574.5847963255	189.6122896996098	10984	39.3650835765455	3769
r_pp_light_00262.fits	0	60192.581651933026	2460192.581651933	NaN	NaN	0	1.318666	NaN	-10.4	40	NaN	NaN	2693719.4818586786	1010.6571728405044	35614	163.5140240412135	3494	397647.9311718563	188.06481690249558	9218	38.64098613251156	3894
r_pp_light_00263.fits	0	60192.58219915535	2460192.5821991554	NaN	NaN	0	1.319635	NaN	-10.3	40	NaN	NaN	2750508.1894613574	1027.708030886585	34105	167.43287362792006	3553	392820.8351078551	185.92728977281664	9076	39.61683673469388	3920
r_pp_light_00264.fits	0	60192.58274752321	2460192.582747523	NaN	NaN	0	1.320608	NaN	-10.3	40	NaN	NaN	2588998.41766686	978.632072020112	34492	161.4436870183758	3374	395145.58682462777	186.98325842968825	9994	38.18269966828272	3919
r_pp_light_00265.fits	0	60192.5832948382	2460192.583294838	NaN	NaN	0	1.321561	NaN	-10.4	40	NaN	NaN	2659482.2216313328	1000.4954913558369	34070	160.90470723306544	3484	392589.73944502365	185.73750716292918	9177	39.480082772891876	3866
r_pp_light_00266.fits	0	60192.58384119207	2460192.583841192	NaN	NaN	0	1.322535	NaN	-10.3	40	NaN	NaN	2628039.7787541747	989.5856367535215	33822	153.37007389162562	3248	388175.655810866	183.86514660281347	9904	38.957825203252035	3936
r_pp_light_00267.fits	0	60192.58438965306	2460192.584389653	NaN	NaN	0	1.323516	NaN	-10.3	40	NaN	NaN	2512267.325385661	955.5780001268712	34425	151.1390214797136	3352	395291.4026710313	186.80818355702328	11466	38.05380333951763	3773
r_pp_light_00268.fits	0	60192.58493719902	2460192.584937199	NaN	NaN	0	1.324477	NaN	-10.4	40	NaN	NaN	2681994.177699077	1004.796166889374	35325	153.61379529561347	3146	396878.92551670776	187.56986787778297	9369	39.48975840336134	3808
r_pp_light_00269.fits	0	60192.585484247655	2460192.5854842477	NaN	NaN	0	1.32546	NaN	-10.3	40	NaN	NaN	2489877.7336790836	946.729025359442	33519	149.96955958549222	3088	396798.2476244411	187.6309381343263	10397	38.99922360248447	3864
r_pp_light_00270.fits	0	60192.58603159757	2460192.5860315976	NaN	NaN	0	1.326425	NaN	-10.3	40	NaN	NaN	2500423.7653174647	950.4970969840132	34688	147.95458875833597	3149	399107.60353338113	188.48696118767364	11829	38.57762982689747	3755
r_pp_light_00271.fits	0	60192.58657788206	2460192.586577882	NaN	NaN	0	1.327411	NaN	-10.4	40	NaN	NaN	2594675.034255636	977.7427193105858	34145	146.1271214642263	3005	397553.40372463304	187.83350859854644	10735	39.94771587008186	3787
r_pp_light_00272.fits	0	60192.5871254052	2460192.587125405	NaN	NaN	0	1.328403	NaN	-10.3	40	NaN	NaN	2486794.3090394544	944.8587120707415	34594	151.0676716917923	2985	397821.8926771344	187.98086493963385	10861	39.158199526191105	3799
r_pp_light_00273.fits	0	60192.58767182892	2460192.587671829	NaN	NaN	0	1.329373	NaN	-10.3	40	NaN	NaN	2535916.3715172987	962.0874890560422	35034	152.50198837565006	3269	400979.9987306293	189.4263673266062	10304	39.57479696096411	3817
r_pp_light_00274.fits	0	60192.58822038211	2460192.588220382	NaN	NaN	0	1.330371	NaN	-10.4	40	NaN	NaN	2486324.7207804886	947.213036037693	34694	150.95466991177366	3287	400718.57713331754	189.47388679022427	10801	38.46356430580414	3911
r_pp_light_00275.fits	0	60192.58876686357	2460192.5887668636	NaN	NaN	0	1.331347	NaN	-10.4	40	NaN	NaN	2575544.5415796423	975.4959692426153	34110	149.71370734528628	3458	397885.61866633344	188.3063634784737	9184	39.11730720924391	3981
r_pp_light_00276.fits	0	60192.58931415528	2460192.5893141553	NaN	NaN	0	1.332347	NaN	-10.3	40	NaN	NaN	2481865.1029028557	944.2226843545774	33097	145.39432485322897	3066	396933.68867587106	187.74246384324294	10039	38.59029026457745	3893
r_pp_light_00277.fits	0	60192.58986059064	2460192.5898605906	NaN	NaN	0	1.333328	NaN	-10.4	40	NaN	NaN	2501378.526241591	953.622859340902	33842	151.23865877712032	3549	400860.7052868015	189.20103464832982	10420	39.93978494623656	3720
r_pp_light_00278.fits	0	60192.59040918993	2460192.59040919	NaN	NaN	0	1.334335	NaN	-10.4	40	NaN	NaN	2498377.34557119	952.131164071564	33278	151.95670995670994	3465	399238.2526995273	188.67968835720072	10130	40.6232110330471	3843
r_pp_light_00279.fits	0	60192.59095553262	2460192.5909555326	NaN	NaN	0	1.33532	NaN	-10.3	40	NaN	NaN	2524101.0268311845	960.9744070660654	32989	150.26141078838174	3615	393067.2458736712	186.08524320214292	10002	39.851430017717036	3951
r_pp_light_00280.fits	0	60192.59150331048	2460192.5915033105	NaN	NaN	0	1.336331	NaN	-10.3	40	NaN	NaN	2526035.188117948	960.3807787512717	33059	143.95663639027248	3413	393693.84372528363	186.28103230823788	9887	40.334957681456785	3899
r_pp_light_00281.fits	0	60192.592050208244	2460192.5920502082	NaN	NaN	0	1.337343	NaN	-10.4	40	NaN	NaN	2596189.676714332	982.3421815998834	34266	141.83158193694973	3521	394801.13163806015	186.54841110178756	8675	39.123834886817576	3755
r_pp_light_00282.fits	0	60192.592597569805	2460192.59259757	NaN	NaN	0	1.338337	NaN	-10.4	40	NaN	NaN	2498137.7551439814	952.4239665254547	33612	143.21664275466284	3485	392311.3322552697	185.51289004867905	9270	42.06338397066527	3818
r_pp_light_00283.fits	0	60192.5931439586	2460192.5931439586	NaN	NaN	0	1.339353	NaN	-10.3	40	NaN	NaN	2529354.2302761083	962.563510129715	33404	140.27120067170446	3573	394480.8877312945	186.56488657636854	9036	41.00285047939881	3859
r_pp_light_00284.fits	0	60192.59369131969	2460192.5936913197	NaN	NaN	0	1.340352	NaN	-10.3	40	NaN	NaN	2580689.1477113264	979.1065873213407	32944	140.7552111170497	3742	388094.3475168561	183.67857131446064	8272	39.583355006501954	3845
r_pp_light_00285.fits	0	60192.594238507096	2460192.594238507	NaN	NaN	0	1.341373	NaN	-10.4	40	NaN	NaN	2490612.4725803947	952.3326523281505	33701	143.16727367325703	3844	392994.0344734175	185.83967458418428	9553	40.82609832635983	3824
r_pp_light_00286.fits	0	60192.59478584491	2460192.594785845	NaN	NaN	0	1.342398	NaN	-10.3	40	NaN	NaN	2547923.9582999083	969.4867343658675	34368	141.87661481676773	3793	390088.33183980413	184.62137928831822	9510	40.905130188192835	3879
r_pp_light_00287.fits	0	60192.59533321764	2460192.5953332176	NaN	NaN	0	1.343403	NaN	-10.3	40	NaN	NaN	2512236.2929382697	959.45831253231	33776	141.3439247585155	3934	399089.57097499573	188.68352694328556	8561	39.44613402061856	3880
r_pp_light_00288.fits	0	60192.59588025464	2460192.5958802546	NaN	NaN	0	1.344432	NaN	-10.4	40	NaN	NaN	2445643.3158517187	938.7921214914214	33441	140.43322138982174	3871	398001.5531637798	188.0351049635142	10434	39.908898864536575	3787
r_pp_light_00289.fits	0	60192.59642866906	2460192.596428669	NaN	NaN	0	1.345444	NaN	-10.4	40	NaN	NaN	2497139.3387161954	954.1975102423302	33209	138.05476566614007	3798	399902.1445742011	189.08231087788576	9195	39.935946707660776	3903
r_pp_light_00290.fits	0	60192.59697707184	2460192.596977072	NaN	NaN	0	1.34648	NaN	-10.3	40	NaN	NaN	2431864.4073430924	934.100474662424	33312	135.00371944739638	3764	404464.7889149674	191.0280790715602	9704	39.51133107580099	3839
r_pp_light_00291.fits	0	60192.59752423642	2460192.5975242364	NaN	NaN	0	1.347494	NaN	-10.3	40	NaN	NaN	2442520.3256120756	936.1377323842926	33655	131.9684329199549	3548	406071.90684113785	191.68484394876796	9875	38.947354566991315	3799
r_pp_light_00292.fits	0	60192.59807159752	2460192.5980715975	NaN	NaN	0	1.348534	NaN	-10.4	40	NaN	NaN	2407068.024788179	925.4797904355769	33556	131.9124616671313	3587	409494.5239417546	193.20781556247655	9578	39.63303477344573	3796
r_pp_light_00293.fits	0	60192.59861785872	2460192.5986178587	NaN	NaN	0	1.349551	NaN	-10.3	40	NaN	NaN	2434334.8200042495	935.0312667047601	32805	134.7875032955444	3793	407322.28666567866	192.30763658558334	10308	41.43228489732259	3847
r_pp_light_00294.fits	0	60192.5991652431	2460192.599165243	NaN	NaN	0	1.350595	NaN	-10.3	40	NaN	NaN	2481513.3397372323	948.7238178156025	32708	133.49726626571896	3658	408904.88653932343	193.08941294431997	9827	43.07285787583376	3898
r_pp_light_00295.fits	0	60192.599711354356	2460192.5997113544	NaN	NaN	0	1.351616	NaN	-10.3	40	NaN	NaN	2440203.5935297073	936.4545709064798	33038	133.19865591397848	3720	408613.19047341665	192.84230214171794	9341	42.00183054393305	3824
r_pp_light_00296.fits	0	60192.60025909729	2460192.6002590973	NaN	NaN	0	1.352665	NaN	-10.4	40	NaN	NaN	2386561.720596417	919.8936793135317	32675	134.93233082706766	3724	406296.03027382074	191.74557285235863	10310	40.85310435931308	3785
r_pp_light_00297.fits	0	60192.60080525465	2460192.6008052547	NaN	NaN	0	1.353691	NaN	-10.4	40	NaN	NaN	2502796.196369198	956.3585354780307	32608	135.5085403726708	3864	407114.98244811245	192.2117229159799	8418	42.00961538461539	3848
r_pp_light_00298.fits	0	60192.60135261575	2460192.6013526157	NaN	NaN	0	1.354744	NaN	-10.3	40	NaN	NaN	2354379.999726262	910.1851896386892	33792	135.32591414944355	3774	403924.5444934108	190.7394796802637	9253	42.51803450078411	3826
r_pp_light_00299.fits	0	60192.60189876193	2460192.601898762	NaN	NaN	0	1.355797	NaN	-10.3	40	NaN	NaN	2398815.9093769495	924.5450370594625	32457	133.3547803617571	3870	404812.97338174836	191.29501847757172	9661	41.86213939239214	3917
r_pp_light_00300.fits	0	60192.60244603036	2460192.6024460304	NaN	NaN	0	1.356832	NaN	-10.3	40	NaN	NaN	2461366.6910883896	943.9311658568531	33491	129.98582108790924	3879	406416.53404797096	191.9284816701519	9323	39.561235080435914	3854
r_pp_light_00301.fits	0	60192.6029922571	2460192.602992257	NaN	NaN	0	1.35789	NaN	-10.4	40	NaN	NaN	2409761.344612407	927.3582464000579	33549	127.35231221598504	3741	408223.63153312687	192.51782105301828	9734	40.52679528403001	3732
r_pp_light_00302.fits	0	60192.60353952553	2460192.6035395255	NaN	NaN	0	1.358929	NaN	-10.4	40	NaN	NaN	2352740.4371486558	910.2350923353482	32952	130.9634241245136	3855	408275.9477488035	192.63792266451398	10535	42.16104375329468	3794
r_pp_light_00303.fits	0	60192.60408673622	2460192.604086736	NaN	NaN	0	1.359993	NaN	-10.4	40	NaN	NaN	2379911.84101969	919.1566278812849	32507	128.3907958301551	3933	403271.983954008	190.2870713324191	8893	42.02625937834941	3732
r_pp_light_00304.fits	0	60192.6046342249	2460192.604634225	NaN	NaN	0	1.36104	NaN	-10.4	40	NaN	NaN	2407620.225579106	927.4234657411075	33423	125.7812580895677	3863	406154.34570770327	191.7548579111462	9546	39.125949201361614	3819
r_pp_light_00305.fits	0	60192.605180926155	2460192.605180926	NaN	NaN	0	1.362106	NaN	-10.3	40	NaN	NaN	2327459.592479582	902.5856093170732	33834	125.24670627744769	3871	407580.6181337853	192.31029337179265	9117	40.038145695364236	3775
r_pp_light_00306.fits	0	60192.60572725721	2460192.605727257	NaN	NaN	0	1.363152	NaN	-10.3	40	NaN	NaN	2364075.634498843	913.7549520114958	32959	123.49725058915946	3819	406922.664535026	192.26373687910746	9400	40.54689092762487	3924
r_pp_light_00307.fits	0	60192.60627561342	2460192.6062756134	NaN	NaN	0	1.364227	NaN	-10.3	40	NaN	NaN	2369474.8384591364	915.4537175822818	32929	122.43006809848087	3818	406932.56919375964	192.12042559214083	9567	42.34729448491155	3844
r_pp_light_00308.fits	0	60192.60682283575	2460192.6068228357	NaN	NaN	0	1.365303	NaN	-10.3	40	NaN	NaN	2420285.4240321424	930.8024512751298	32595	123.9	3760	403248.79879863287	190.52944365157347	8553	43.23088803088803	3885
r_pp_light_00309.fits	0	60192.607370220125	2460192.60737022	NaN	NaN	0	1.366358	NaN	-10.3	40	NaN	NaN	2354799.6861653514	911.0902695192524	33092	126.4014975471211	3873	405448.57449071907	191.42518067591513	9014	42.88430399582136	3829
r_pp_light_00310.fits	0	60192.607917662244	2460192.6079176622	NaN	NaN	0	1.367416	NaN	-10.3	40	NaN	NaN	2382456.999148541	920.2348587003876	32263	123.43415741675075	3964	405168.3094213446	191.4526923895267	8538	41.07183026584867	3912
r_pp_light_00311.fits	0	60192.608463819604	2460192.6084638196	NaN	NaN	0	1.368496	NaN	-10.3	40	NaN	NaN	2446248.122469317	940.5629028634766	32728	125.94202192448233	4105	399223.61845737055	188.52893632741387	6664	42.475975577382535	3767
r_pp_light_00312.fits	0	60192.609011469875	2460192.60901147	NaN	NaN	0	1.369582	NaN	-10.3	40	NaN	NaN	2428523.106851688	934.3171218048084	31832	124.36776649746193	3940	398568.87183141534	188.42996020050535	7417	42.321483771251934	3882
r_pp_light_00313.fits	0	60192.6095576738	2460192.609557674	NaN	NaN	0	1.370643	NaN	-10.3	40	NaN	NaN	2385195.199172891	920.7314012156717	32516	123.04621309370988	3895	396222.8843189768	187.2672730113043	7165	42.18212788259958	3816
r_pp_light_00314.fits	0	60192.61010516202	2460192.610105162	NaN	NaN	0	1.371711	NaN	-10.3	40	NaN	NaN	2312464.087681301	899.120508159217	32308	121.22941607622771	4093	388319.7463708834	183.7835064584419	7478	41.65491314493129	3857
r_pp_light_00315.fits	0	60192.61065136595	2460192.610651366	NaN	NaN	0	1.372799	NaN	-10.3	40	NaN	NaN	2342417.9973817794	907.4627939909758	31952	117.92670967741935	3875	384353.77676712384	181.98826820314102	7024	43.11997926924074	3859
r_pp_light_00316.fits	0	60192.61119869212	2460192.611198692	NaN	NaN	0	1.373893	NaN	-10.3	40	NaN	NaN	2297343.213685041	894.3480275901187	32296	120.33219010289073	4082	381385.1687524713	180.58109013942658	7003	42.57315154693235	3814
r_pp_light_00317.fits	0	60192.6117448383	2460192.6117448383	NaN	NaN	0	1.374962	NaN	-10.4	40	NaN	NaN	2296282.1361962506	892.0931710470334	32428	116.64297297297297	3700	383178.9836478892	181.44557283779534	7215	42.51273388773389	3848
r_pp_light_00318.fits	0	60192.61229329882	2460192.612293299	NaN	NaN	0	1.376064	NaN	-10.3	40	NaN	NaN	2273526.6581988195	886.6567070661386	30251	116.54737627455857	4021	375175.4429925767	177.84795347871508	5520	43.463490419471775	3862
r_pp_light_00319.fits	0	60192.6128417477	2460192.6128417477	NaN	NaN	0	1.377142	NaN	-10.3	40	NaN	NaN	2268876.887930101	885.0645903586006	31521	119.59735726751434	4011	376271.75431593915	178.42449570220427	6504	44.01225427623181	3917
r_pp_light_00320.fits	0	60192.61338736117	2460192.613387361	NaN	NaN	0	1.37824	NaN	-10.3	40	NaN	NaN	2273452.02792158	886.748591527023	31750	117.9659427443238	4052	381101.45307469077	180.52335419432833	6693	41.82900882200311	3854
