Label	Saturated	J.D.-2400000	JD_UTC	JD_SOBS	HJD_UTC	BJD_TDB	AIRMASS	ALT_OBJ	CCD-TEMP	EXPTIME	RAOBJ2K	DECOBJ2K	Source-Sky_T1	Peak_T1	Sky/Pixel_T1	N_Sky_Pixels_T1
r_pp_light_00001.fits	0	60224.419282650575	2460224.4192826506	NaN	NaN	0	1.210501	NaN	-10.4	40	NaN	NaN	3897033.8790961327	39418	23.86683107274969	2433
r_pp_light_00002.fits	0	60224.41982708359	2460224.4198270836	NaN	NaN	0	1.211124	NaN	-10.4	40	NaN	NaN	4002691.2479895777	44845	25.835526315789473	2432
r_pp_light_00003.fits	0	60224.420371539425	2460224.4203715394	NaN	NaN	0	1.211731	NaN	-10.3	40	NaN	NaN	4229958.777126561	41087	26.614071606994173	2402
r_pp_light_00004.fits	0	60224.42091452563	2460224.4209145256	NaN	NaN	0	1.212342	NaN	-10.3	40	NaN	NaN	3966965.5491838665	41841	29.01709045435598	2399
r_pp_light_00005.fits	0	60224.4214584725	2460224.4214584725	NaN	NaN	0	1.212956	NaN	-10.4	40	NaN	NaN	3893971.9238424855	45109	24.396911519198664	2396
r_pp_light_00006.fits	0	60224.42200320633	2460224.4220032063	NaN	NaN	0	1.21356	NaN	-10.4	40	NaN	NaN	3936696.79276472	44119	26.059186189889026	2433
r_pp_light_00007.fits	0	60224.422547546215	2460224.422547546	NaN	NaN	0	1.214181	NaN	-10.4	40	NaN	NaN	3573489.2599546835	45869	28.62603993344426	2404
r_pp_light_00008.fits	0	60224.42309356481	2460224.423093565	NaN	NaN	0	1.214806	NaN	-10.3	40	NaN	NaN	3609126.4712158167	41329	27.311777301927194	2335
r_pp_light_00009.fits	0	60224.4236375466	2460224.4236375466	NaN	NaN	0	1.215431	NaN	-10.4	40	NaN	NaN	3778650.2985117314	44803	27.95475300954753	2409
r_pp_light_00010.fits	0	60224.42418195633	2460224.4241819563	NaN	NaN	0	1.216058	NaN	-10.4	40	NaN	NaN	3685185.2943419726	43664	27.317812900469885	2341
r_pp_light_00011.fits	0	60224.42472569458	2460224.4247256946	NaN	NaN	0	1.216688	NaN	-10.4	40	NaN	NaN	3799857.6737845642	42862	27.282538399353275	2474
r_pp_light_00012.fits	0	60224.42526964145	2460224.4252696414	NaN	NaN	0	1.217321	NaN	-10.4	40	NaN	NaN	3982585.819283627	42089	29.577124446234393	2483
r_pp_light_00013.fits	0	60224.42581339134	2460224.4258133913	NaN	NaN	0	1.217955	NaN	-10.4	40	NaN	NaN	3680393.851520268	47261	28.422753988245173	2382
r_pp_light_00014.fits	0	60224.4263572339	2460224.426357234	NaN	NaN	0	1.218594	NaN	-10.4	40	NaN	NaN	3707999.6143979235	44866	29.060451255853554	2349
r_pp_light_00015.fits	0	60224.426901076455	2460224.4269010765	NaN	NaN	0	1.219235	NaN	-10.4	40	NaN	NaN	3623857.8702969206	52114	27.577407557903292	2461
r_pp_light_00016.fits	0	60224.427444768604	2460224.4274447686	NaN	NaN	0	1.21988	NaN	-10.4	40	NaN	NaN	3700040.573729063	44729	30.523869877482046	2367
r_pp_light_00017.fits	0	60224.427990139	2460224.427990139	NaN	NaN	0	1.220527	NaN	-10.4	40	NaN	NaN	3996534.797484467	42967	28.543432647922785	2383
r_pp_light_00018.fits	0	60224.428535474464	2460224.4285354745	NaN	NaN	0	1.221178	NaN	-10.4	40	NaN	NaN	3765567.5351473764	47257	28.791487532244197	2326
r_pp_light_00019.fits	0	60224.42907931749	2460224.4290793175	NaN	NaN	0	1.22183	NaN	-10.4	40	NaN	NaN	3925322.799788786	42663	30.611088125775755	2417
r_pp_light_00020.fits	0	60224.42962311348	2460224.4296231135	NaN	NaN	0	1.222484	NaN	-10.4	40	NaN	NaN	3802294.0071731405	46299	30.931770615320218	2389
r_pp_light_00021.fits	0	60224.43016731506	2460224.430167315	NaN	NaN	0	1.223142	NaN	-10.3	40	NaN	NaN	3932197.2771933037	41750	30.407423208191126	2344
r_pp_light_00022.fits	0	60224.430711122695	2460224.4307111227	NaN	NaN	0	1.2238	NaN	-10.3	40	NaN	NaN	3820217.8400472924	41068	31.000428816466552	2332
r_pp_light_00023.fits	0	60224.43125550961	2460224.4312555096	NaN	NaN	0	1.224463	NaN	-10.4	40	NaN	NaN	3947617.034350867	46572	29.267887563884155	2348
r_pp_light_00024.fits	0	60224.431800161954	2460224.431800162	NaN	NaN	0	1.225129	NaN	-10.4	40	NaN	NaN	3761888.344644426	45481	31.586444805194805	2464
r_pp_light_00025.fits	0	60224.43234400498	2460224.432344005	NaN	NaN	0	1.225781	NaN	-10.3	40	NaN	NaN	3899461.1764441603	40370	29.898159509202454	2445
r_pp_light_00026.fits	0	60224.432888206095	2460224.432888206	NaN	NaN	0	1.226453	NaN	-10.4	40	NaN	NaN	3903615.5226706434	45004	32.11198347107438	2420
r_pp_light_00027.fits	0	60224.43343200255	2460224.4334320026	NaN	NaN	0	1.227126	NaN	-10.4	40	NaN	NaN	3743353.926066122	46910	31.12175393784589	2349
r_pp_light_00028.fits	0	60224.433977708686	2460224.4339777087	NaN	NaN	0	1.227802	NaN	-10.4	40	NaN	NaN	3679123.6095393267	43480	30.611366485582952	2393
r_pp_light_00029.fits	0	60224.434521551244	2460224.4345215512	NaN	NaN	0	1.228482	NaN	-10.4	40	NaN	NaN	4061814.196100745	42599	31.3537443111295	2417
r_pp_light_00030.fits	0	60224.435066782404	2460224.4350667824	NaN	NaN	0	1.229164	NaN	-10.3	40	NaN	NaN	3622030.328982721	45519	29.39060516292848	2363
r_pp_light_00031.fits	0	60224.43561159726	2460224.4356115973	NaN	NaN	0	1.229848	NaN	-10.3	40	NaN	NaN	4173746.9132825965	39322	33.14644351464435	2390
r_pp_light_00032.fits	0	60224.43615525495	2460224.436155255	NaN	NaN	0	1.230535	NaN	-10.4	40	NaN	NaN	3770971.5570550524	46679	33.64852320675106	2370
r_pp_light_00033.fits	0	60224.4366993634	2460224.4366993634	NaN	NaN	0	1.231224	NaN	-10.3	40	NaN	NaN	3610053.3348389016	45560	31.719864176570457	2356
r_pp_light_00034.fits	0	60224.43724357663	2460224.4372435766	NaN	NaN	0	1.231916	NaN	-10.3	40	NaN	NaN	3749114.3991969666	45073	33.29345560650271	2399
r_pp_light_00035.fits	0	60224.437787095085	2460224.437787095	NaN	NaN	0	1.23261	NaN	-10.4	40	NaN	NaN	3628639.1625547134	45258	30.909403177329327	2329
r_pp_light_00036.fits	0	60224.43833076395	2460224.438330764	NaN	NaN	0	1.23329	NaN	-10.4	40	NaN	NaN	3770500.973946737	45162	32.423141186299084	2394
r_pp_light_00037.fits	0	60224.438874699175	2460224.438874699	NaN	NaN	0	1.23399	NaN	-10.4	40	NaN	NaN	3703528.8867227356	42157	28.963253509496283	2422
r_pp_light_00038.fits	0	60224.43941966444	2460224.4394196644	NaN	NaN	0	1.234695	NaN	-10.4	40	NaN	NaN	3625806.4466465795	47619	30.252282157676348	2410
r_pp_light_00039.fits	0	60224.43996343762	2460224.4399634376	NaN	NaN	0	1.235398	NaN	-10.4	40	NaN	NaN	3760799.2236153022	43774	30.87603993344426	2404
r_pp_light_00040.fits	0	60224.440507569816	2460224.44050757	NaN	NaN	0	1.236106	NaN	-10.4	40	NaN	NaN	3893570.9759902954	40505	33.589464518937746	2297
r_pp_light_00041.fits	0	60224.44105159724	2460224.4410515972	NaN	NaN	0	1.236816	NaN	-10.4	40	NaN	NaN	4299934.199138513	39254	34.5157803718115	2313
r_pp_light_00042.fits	0	60224.44159525493	2460224.441595255	NaN	NaN	0	1.237529	NaN	-10.4	40	NaN	NaN	4443994.63033109	38427	35.503624733475476	2345
r_pp_light_00043.fits	0	60224.44213877339	2460224.4421387734	NaN	NaN	0	1.238244	NaN	-10.4	40	NaN	NaN	3858790.019165535	40909	32.90905332782141	2419
r_pp_light_00044.fits	0	60224.44268234959	2460224.4426823496	NaN	NaN	0	1.238963	NaN	-10.4	40	NaN	NaN	4001281.0827358896	45923	33.957849462365594	2325
r_pp_light_00045.fits	0	60224.44322723383	2460224.443227234	NaN	NaN	0	1.239669	NaN	-10.3	40	NaN	NaN	4038657.6562371175	45680	33.63671373555841	2337
r_pp_light_00046.fits	0	60224.44377156254	2460224.4437715625	NaN	NaN	0	1.240392	NaN	-10.4	40	NaN	NaN	3977773.3973438106	39735	33.40363186132893	2423
r_pp_light_00047.fits	0	60224.44431489613	2460224.444314896	NaN	NaN	0	1.241116	NaN	-10.4	40	NaN	NaN	4098896.73590247	41288	31.92877967513536	2401
r_pp_light_00048.fits	0	60224.44485982647	2460224.4448598265	NaN	NaN	0	1.241846	NaN	-10.4	40	NaN	NaN	4033870.2884942754	40543	33.93775593775594	2442
r_pp_light_00049.fits	0	60224.44540369231	2460224.4454036923	NaN	NaN	0	1.242578	NaN	-10.4	40	NaN	NaN	4001505.284078262	39725	32.955304928989136	2394
r_pp_light_00050.fits	0	60224.44594770856	2460224.4459477086	NaN	NaN	0	1.243312	NaN	-10.4	40	NaN	NaN	3921895.817511047	37649	33.53409572215163	2361
r_pp_light_00051.fits	0	60224.446491794195	2460224.446491794	NaN	NaN	0	1.244047	NaN	-10.4	40	NaN	NaN	4016955.2367140064	44189	32.31400966183575	2484
r_pp_light_00052.fits	0	60224.44703543978	2460224.44703544	NaN	NaN	0	1.244786	NaN	-10.4	40	NaN	NaN	4098094.130120208	38940	34.85329970575872	2379
r_pp_light_00053.fits	0	60224.447579120286	2460224.4475791203	NaN	NaN	0	1.245512	NaN	-10.4	40	NaN	NaN	4324555.167797186	41391	33.75496957403651	2465
r_pp_light_00054.fits	0	60224.44812312536	2460224.4481231254	NaN	NaN	0	1.246257	NaN	-10.3	40	NaN	NaN	4879606.965749131	39106	35.436927106067216	2291
r_pp_light_00055.fits	0	60224.44866729202	2460224.448667292	NaN	NaN	0	1.247004	NaN	-10.4	40	NaN	NaN	4747014.326661857	37442	34.78451882845188	2390
r_pp_light_00056.fits	0	60224.44921079883	2460224.449210799	NaN	NaN	0	1.247754	NaN	-10.4	40	NaN	NaN	4528843.573042297	39172	35.17617659308621	2401
r_pp_light_00057.fits	0	60224.4497548379	2460224.449754838	NaN	NaN	0	1.248506	NaN	-10.4	40	NaN	NaN	4437121.534022968	40489	35.498453380468405	2263
r_pp_light_00058.fits	0	60224.450299745426	2460224.4502997454	NaN	NaN	0	1.249262	NaN	-10.4	40	NaN	NaN	4798435.813444872	38455	34.247803975959314	2163
r_pp_light_00059.fits	0	60224.45084335655	2460224.4508433565	NaN	NaN	0	1.250019	NaN	-10.4	40	NaN	NaN	4254563.858313834	37965	33.91323648103309	2478
r_pp_light_00060.fits	0	60224.451387025416	2460224.4513870254	NaN	NaN	0	1.250764	NaN	-10.4	40	NaN	NaN	4494493.068949382	40483	35.50675675675676	2368
r_pp_light_00061.fits	0	60224.45193044003	2460224.45193044	NaN	NaN	0	1.251525	NaN	-10.4	40	NaN	NaN	4244971.654968701	38426	34.330756013745706	2328
r_pp_light_00062.fits	0	60224.4524741089	2460224.452474109	NaN	NaN	0	1.252292	NaN	-10.4	40	NaN	NaN	4259716.847451528	37753	35.41063829787234	2350
r_pp_light_00063.fits	0	60224.45301849535	2460224.4530184953	NaN	NaN	0	1.25306	NaN	-10.4	40	NaN	NaN	4183344.711115144	36994	35.04409857328145	2313
r_pp_light_00064.fits	0	60224.453562175855	2460224.453562176	NaN	NaN	0	1.25383	NaN	-10.3	40	NaN	NaN	4068551.963858579	39786	34.15059499384489	2437
r_pp_light_00065.fits	0	60224.45410562493	2460224.454105625	NaN	NaN	0	1.254587	NaN	-10.4	40	NaN	NaN	3957132.862747179	41190	33.45148936170213	2350
r_pp_light_00066.fits	0	60224.4546493059	2460224.454649306	NaN	NaN	0	1.255361	NaN	-10.3	40	NaN	NaN	4090117.9257267984	44179	33.54415475189235	2378
r_pp_light_00067.fits	0	60224.455192939844	2460224.45519294	NaN	NaN	0	1.256141	NaN	-10.4	40	NaN	NaN	4118815.3077724455	39140	34.979123173277664	2395
r_pp_light_00068.fits	0	60224.455738946795	2460224.455738947	NaN	NaN	0	1.256924	NaN	-10.3	40	NaN	NaN	4205516.667834969	38165	34.4876867178038	2477
r_pp_light_00069.fits	0	60224.45628270833	2460224.4562827083	NaN	NaN	0	1.257709	NaN	-10.4	40	NaN	NaN	4293770.431774706	39833	34.937714776632305	2328
r_pp_light_00070.fits	0	60224.456826504786	2460224.456826505	NaN	NaN	0	1.258496	NaN	-10.4	40	NaN	NaN	4151644.947312439	40019	37.41349337748344	2416
r_pp_light_00071.fits	0	60224.45737025468	2460224.4573702547	NaN	NaN	0	1.259267	NaN	-10.4	40	NaN	NaN	4146778.579473907	36335	33.4313482216708	2418
r_pp_light_00072.fits	0	60224.45791327581	2460224.457913276	NaN	NaN	0	1.260058	NaN	-10.4	40	NaN	NaN	4686521.693517941	38018	35.86775440103049	2329
r_pp_light_00073.fits	0	60224.45845719939	2460224.4584571994	NaN	NaN	0	1.260852	NaN	-10.4	40	NaN	NaN	4354947.152715665	41861	35.43828190158465	2398
r_pp_light_00074.fits	0	60224.45900093764	2460224.4590009376	NaN	NaN	0	1.261649	NaN	-10.4	40	NaN	NaN	4280162.192293064	38871	36.20560344827586	2320
r_pp_light_00075.fits	0	60224.45954479184	2460224.459544792	NaN	NaN	0	1.262448	NaN	-10.3	40	NaN	NaN	4015602.7635461995	37518	35.52853492333901	2348
r_pp_light_00076.fits	0	60224.46008848399	2460224.460088484	NaN	NaN	0	1.263233	NaN	-10.4	40	NaN	NaN	4117502.5974661256	38258	34.43481882548938	2401
r_pp_light_00077.fits	0	60224.4606318865	2460224.4606318865	NaN	NaN	0	1.264037	NaN	-10.4	40	NaN	NaN	3957454.1796741793	38955	35.05403192795743	2443
r_pp_light_00078.fits	0	60224.46117692161	2460224.4611769216	NaN	NaN	0	1.264847	NaN	-10.4	40	NaN	NaN	3972445.6787504004	39312	33.623000432338955	2313
r_pp_light_00079.fits	0	60224.461721041705	2460224.4617210417	NaN	NaN	0	1.265657	NaN	-10.4	40	NaN	NaN	4008015.228899475	41088	34.87827868852459	2440
r_pp_light_00080.fits	0	60224.46226460673	2460224.4622646067	NaN	NaN	0	1.266469	NaN	-10.3	40	NaN	NaN	3922529.611804734	38241	35.86798114016288	2333
r_pp_light_00081.fits	0	60224.46280831052	2460224.4628083105	NaN	NaN	0	1.267266	NaN	-10.4	40	NaN	NaN	3871333.097963807	35981	33.96635589785164	2467
r_pp_light_00082.fits	0	60224.46335339127	2460224.4633533913	NaN	NaN	0	1.268086	NaN	-10.4	40	NaN	NaN	3878158.5214971295	39914	33.97188581314879	2312
r_pp_light_00083.fits	0	60224.4638971067	2460224.4638971067	NaN	NaN	0	1.268907	NaN	-10.4	40	NaN	NaN	3916299.801882256	36548	36.8626878130217	2396
r_pp_light_00084.fits	0	60224.46444076393	2460224.464440764	NaN	NaN	0	1.26973	NaN	-10.4	40	NaN	NaN	3867921.2255445044	39884	34.38511466897447	2311
r_pp_light_00085.fits	0	60224.464984872844	2460224.464984873	NaN	NaN	0	1.270555	NaN	-10.4	40	NaN	NaN	3600272.3453174816	38480	35.96840307429547	2342
r_pp_light_00086.fits	0	60224.46552854171	2460224.4655285417	NaN	NaN	0	1.271366	NaN	-10.3	40	NaN	NaN	3684845.619832463	35672	35.58000858000858	2331
r_pp_light_00087.fits	0	60224.466072650626	2460224.4660726506	NaN	NaN	0	1.272197	NaN	-10.4	40	NaN	NaN	3826825.891412607	35348	35.77903930131004	2290
r_pp_light_00088.fits	0	60224.466618159786	2460224.46661816	NaN	NaN	0	1.273033	NaN	-10.4	40	NaN	NaN	3402949.652189858	37343	34.99580008399832	2381
r_pp_light_00089.fits	0	60224.46716184029	2460224.4671618403	NaN	NaN	0	1.273869	NaN	-10.4	40	NaN	NaN	3594758.0379758882	33974	36.888463175819496	2349
r_pp_light_00090.fits	0	60224.46770476876	2460224.4677047688	NaN	NaN	0	1.274689	NaN	-10.4	40	NaN	NaN	3536033.2988905637	35873	37.05220017256256	2318
r_pp_light_00091.fits	0	60224.46824879665	2460224.4682487966	NaN	NaN	0	1.27553	NaN	-10.4	40	NaN	NaN	3248910.946047023	37388	36.495104299702	2349
r_pp_light_00092.fits	0	60224.468792465515	2460224.4687924655	NaN	NaN	0	1.276374	NaN	-10.4	40	NaN	NaN	3244360.3035456613	35806	35.902197328737614	2321
r_pp_light_00093.fits	0	60224.46933677094	2460224.469336771	NaN	NaN	0	1.277221	NaN	-10.4	40	NaN	NaN	3178890.712244158	38847	35.542652027027025	2368
r_pp_light_00094.fits	0	60224.46988057904	2460224.469880579	NaN	NaN	0	1.278053	NaN	-10.4	40	NaN	NaN	3620011.129158393	36644	38.12315056570931	2298
r_pp_light_00095.fits	0	60224.47042468749	2460224.4704246875	NaN	NaN	0	1.278904	NaN	-10.4	40	NaN	NaN	3667717.6328066187	36340	36.49647449191207	2411
r_pp_light_00096.fits	0	60224.470968414564	2460224.4709684146	NaN	NaN	0	1.279758	NaN	-10.4	40	NaN	NaN	3500880.8687306065	38851	38.15387931034483	2320
r_pp_light_00097.fits	0	60224.47151215281	2460224.471512153	NaN	NaN	0	1.280614	NaN	-10.4	40	NaN	NaN	3877480.7121043103	37173	37.027848101265825	2370
r_pp_light_00098.fits	0	60224.47205690993	2460224.47205691	NaN	NaN	0	1.281457	NaN	-10.4	40	NaN	NaN	3760106.2664300716	36729	36.964676198486124	2378
r_pp_light_00099.fits	0	60224.47260071756	2460224.4726007176	NaN	NaN	0	1.282319	NaN	-10.4	40	NaN	NaN	3415161.8578418344	37384	35.99326599326599	2376
r_pp_light_00100.fits	0	60224.47314437525	2460224.4731443753	NaN	NaN	0	1.283183	NaN	-10.4	40	NaN	NaN	3331221.440478654	35803	37.3649449618967	2362
r_pp_light_00101.fits	0	60224.47368857637	2460224.4736885764	NaN	NaN	0	1.284051	NaN	-10.4	40	NaN	NaN	3379773.4990783306	34929	38.97608881298036	2342
r_pp_light_00102.fits	0	60224.47423237283	2460224.474232373	NaN	NaN	0	1.284902	NaN	-10.4	40	NaN	NaN	3228716.2164455797	35396	37.898538622129436	2395
r_pp_light_00103.fits	0	60224.47477570595	2460224.474775706	NaN	NaN	0	1.285774	NaN	-10.3	40	NaN	NaN	3549856.2489928436	35645	37.83177570093458	2354
r_pp_light_00104.fits	0	60224.47531936364	2460224.4753193636	NaN	NaN	0	1.286647	NaN	-10.4	40	NaN	NaN	3644765.1111810426	35761	35.493393889347644	2422
r_pp_light_00105.fits	0	60224.47586302087	2460224.475863021	NaN	NaN	0	1.287526	NaN	-10.4	40	NaN	NaN	3594257.613174691	36017	36.79547395388557	2342
r_pp_light_00106.fits	0	60224.476407940034	2460224.47640794	NaN	NaN	0	1.288387	NaN	-10.4	40	NaN	NaN	3373034.0334750875	38608	35.02326583369237	2321
r_pp_light_00107.fits	0	60224.476951967925	2460224.476951968	NaN	NaN	0	1.28927	NaN	-10.3	40	NaN	NaN	3519742.1978052314	37786	34.96953696181966	2462
r_pp_light_00108.fits	0	60224.477497372776	2460224.477497373	NaN	NaN	0	1.290158	NaN	-10.3	40	NaN	NaN	3779894.007169214	35788	37.92630241423126	2361
r_pp_light_00109.fits	0	60224.47804141231	2460224.4780414123	NaN	NaN	0	1.291027	NaN	-10.3	40	NaN	NaN	3469062.1379164276	36463	35.827659574468086	2350
r_pp_light_00110.fits	0	60224.4785851161	2460224.478585116	NaN	NaN	0	1.291917	NaN	-10.4	40	NaN	NaN	3414659.8543206193	36532	35.98574423480084	2385
r_pp_light_00111.fits	0	60224.479128773324	2460224.4791287733	NaN	NaN	0	1.292809	NaN	-10.4	40	NaN	NaN	3522402.2560424283	39015	37.59028960817717	2348
r_pp_light_00112.fits	0	60224.47967292834	2460224.4796729283	NaN	NaN	0	1.293705	NaN	-10.4	40	NaN	NaN	3431268.523528467	37764	37.898783666377064	2302
r_pp_light_00113.fits	0	60224.48021716438	2460224.4802171644	NaN	NaN	0	1.294584	NaN	-10.4	40	NaN	NaN	3282255.384901297	38103	36.86875	2400
r_pp_light_00114.fits	0	60224.4807613194	2460224.4807613194	NaN	NaN	0	1.295484	NaN	-10.4	40	NaN	NaN	3623992.804252915	37336	35.852953676158094	2353
r_pp_light_00115.fits	0	60224.48130467627	2460224.4813046763	NaN	NaN	0	1.296387	NaN	-10.3	40	NaN	NaN	3660682.934617524	35765	36.04296875	2304
r_pp_light_00116.fits	0	60224.48184831021	2460224.48184831	NaN	NaN	0	1.297292	NaN	-10.4	40	NaN	NaN	3714731.75587978	36248	37.06287683031869	2322
r_pp_light_00117.fits	0	60224.48239155114	2460224.482391551	NaN	NaN	0	1.298179	NaN	-10.4	40	NaN	NaN	3483806.2516146363	34911	36.91695059625213	2348
r_pp_light_00118.fits	0	60224.482936354354	2460224.4829363544	NaN	NaN	0	1.299092	NaN	-10.4	40	NaN	NaN	3222610.6233182955	38001	36.48661693725318	2279
r_pp_light_00119.fits	0	60224.483480104245	2460224.4834801042	NaN	NaN	0	1.299985	NaN	-10.3	40	NaN	NaN	3212432.8104964783	36268	37.416843896214374	2351
r_pp_light_00120.fits	0	60224.484024282545	2460224.4840242825	NaN	NaN	0	1.300901	NaN	-10.4	40	NaN	NaN	3441466.207605238	35585	35.438315789473684	2375
r_pp_light_00121.fits	0	60224.48456891207	2460224.484568912	NaN	NaN	0	1.30182	NaN	-10.4	40	NaN	NaN	3374615.3118389626	35259	36.13628546861565	2326
r_pp_light_00122.fits	0	60224.48511266196	2460224.485112662	NaN	NaN	0	1.302721	NaN	-10.4	40	NaN	NaN	3434204.4933150844	36369	37.43056179775281	2225
r_pp_light_00123.fits	0	60224.48565672478	2460224.485656725	NaN	NaN	0	1.303644	NaN	-10.4	40	NaN	NaN	3149966.7486026566	37744	36.27415254237288	2360
r_pp_light_00124.fits	0	60224.48620081041	2460224.4862008104	NaN	NaN	0	1.30457	NaN	-10.4	40	NaN	NaN	3261175.936357485	36515	36.52010050251256	2388
r_pp_light_00125.fits	0	60224.48674373841	2460224.4867437384	NaN	NaN	0	1.305498	NaN	-10.4	40	NaN	NaN	3184685.705532169	37213	36.38645245332175	2303
r_pp_light_00126.fits	0	60224.48728740774	2460224.4872874077	NaN	NaN	0	1.306407	NaN	-10.4	40	NaN	NaN	3214359.3885731227	36460	36.01665166516651	2222
r_pp_light_00127.fits	0	60224.48783115763	2460224.4878311576	NaN	NaN	0	1.30734	NaN	-10.4	40	NaN	NaN	3274895.4375563683	35138	34.46513642269381	2309
r_pp_light_00128.fits	0	60224.488376041874	2460224.488376042	NaN	NaN	0	1.308279	NaN	-10.4	40	NaN	NaN	3560073.2936578793	37776	37.02300292764534	2391
r_pp_light_00129.fits	0	60224.488919421565	2460224.4889194216	NaN	NaN	0	1.309195	NaN	-10.4	40	NaN	NaN	3598456.67753136	37265	34.95517841601392	2298
r_pp_light_00130.fits	0	60224.489463171456	2460224.4894631715	NaN	NaN	0	1.310135	NaN	-10.4	40	NaN	NaN	3646420.097736774	36366	34.46615252784919	2334
r_pp_light_00131.fits	0	60224.490006863605	2460224.4900068636	NaN	NaN	0	1.311078	NaN	-10.4	40	NaN	NaN	3817453.7993547176	33769	37.0031376064545	2231
r_pp_light_00132.fits	0	60224.49055038206	2460224.490550382	NaN	NaN	0	1.312004	NaN	-10.4	40	NaN	NaN	3637853.432063623	35119	37.11584327086882	2348
r_pp_light_00133.fits	0	60224.49109383114	2460224.491093831	NaN	NaN	0	1.312951	NaN	-10.4	40	NaN	NaN	3746194.1762607624	35939	37.46	2400
r_pp_light_00134.fits	0	60224.49163802108	2460224.491638021	NaN	NaN	0	1.313902	NaN	-10.4	40	NaN	NaN	3739712.273696458	35582	34.73375796178344	2355
r_pp_light_00135.fits	0	60224.49218214117	2460224.492182141	NaN	NaN	0	1.314835	NaN	-10.4	40	NaN	NaN	3264315.5071770204	35399	34.03042934556065	2399
r_pp_light_00136.fits	0	60224.49272626173	2460224.4927262617	NaN	NaN	0	1.315791	NaN	-10.4	40	NaN	NaN	3376897.5928616533	37278	35.00221043324492	2262
r_pp_light_00137.fits	0	60224.49326996552	2460224.4932699655	NaN	NaN	0	1.316749	NaN	-10.4	40	NaN	NaN	3373776.1050256593	38377	34.401485364788115	2289
r_pp_light_00138.fits	0	60224.49381468771	2460224.4938146877	NaN	NaN	0	1.31769	NaN	-10.4	40	NaN	NaN	3548086.2690774524	37096	34.45338441890166	2349
r_pp_light_00139.fits	0	60224.49435844924	2460224.4943584492	NaN	NaN	0	1.318653	NaN	-10.4	40	NaN	NaN	3386975.4770902	36494	36.316969953449004	2363
r_pp_light_00140.fits	0	60224.494901366066	2460224.494901366	NaN	NaN	0	1.319617	NaN	-10.4	40	NaN	NaN	3329206.358888965	36560	36.27484608619173	2274
r_pp_light_00141.fits	0	60224.495445902925	2460224.495445903	NaN	NaN	0	1.320565	NaN	-10.4	40	NaN	NaN	3258538.0406604735	36007	36.89307100085543	2338
r_pp_light_00142.fits	0	60224.49598876154	2460224.4959887615	NaN	NaN	0	1.321534	NaN	-10.4	40	NaN	NaN	3436332.902350876	36970	36.51172529313233	2388
r_pp_light_00143.fits	0	60224.496532326564	2460224.4965323266	NaN	NaN	0	1.322506	NaN	-10.4	40	NaN	NaN	3363749.573012038	36909	37.929245283018865	2332
r_pp_light_00144.fits	0	60224.49707597215	2460224.497075972	NaN	NaN	0	1.32346	NaN	-10.4	40	NaN	NaN	3485718.4610051666	35638	36.536669542709234	2318
r_pp_light_00145.fits	0	60224.49761937512	2460224.497619375	NaN	NaN	0	1.324437	NaN	-10.4	40	NaN	NaN	3150459.3518849527	34571	37.08979413053	2283
r_pp_light_00146.fits	0	60224.49816300953	2460224.4981630095	NaN	NaN	0	1.325416	NaN	-10.4	40	NaN	NaN	3082966.3910389524	37759	35.47746967071057	2308
r_pp_light_00147.fits	0	60224.49870677106	2460224.498706771	NaN	NaN	0	1.326378	NaN	-10.4	40	NaN	NaN	3278096.597340148	37646	34.46672504378284	2284
r_pp_light_00148.fits	0	60224.499251713045	2460224.499251713	NaN	NaN	0	1.327365	NaN	-10.3	40	NaN	NaN	3281498.6873515244	38235	35.985647952722665	2369
r_pp_light_00149.fits	0	60224.49979538191	2460224.499795382	NaN	NaN	0	1.328331	NaN	-10.3	40	NaN	NaN	3193369.024610167	37100	36.46925972396487	2391
r_pp_light_00150.fits	0	60224.500338946935	2460224.500338947	NaN	NaN	0	1.32932	NaN	-10.4	40	NaN	NaN	3230422.2877034904	36120	37.08219761499148	2348
r_pp_light_00151.fits	0	60224.50088230334	2460224.5008823033	NaN	NaN	0	1.330311	NaN	-10.4	40	NaN	NaN	3092206.1136857537	37614	36.44773592890394	2363
r_pp_light_00152.fits	0	60224.501425902825	2460224.501425903	NaN	NaN	0	1.331284	NaN	-10.4	40	NaN	NaN	2986557.083076809	37213	35.99225139905295	2323
r_pp_light_00153.fits	0	60224.50196973374	2460224.5019697337	NaN	NaN	0	1.332281	NaN	-10.3	40	NaN	NaN	3207262.7485770276	36986	36.49036402569593	2335
r_pp_light_00154.fits	0	60224.50251273159	2460224.5025127316	NaN	NaN	0	1.333279	NaN	-10.4	40	NaN	NaN	3382131.7187236543	36832	37.47033717456252	2343
r_pp_light_00155.fits	0	60224.50305680558	2460224.5030568056	NaN	NaN	0	1.33426	NaN	-10.3	40	NaN	NaN	3471651.186795037	37313	35.50021710811984	2303
r_pp_light_00156.fits	0	60224.50359984953	2460224.5035998495	NaN	NaN	0	1.335265	NaN	-10.4	40	NaN	NaN	3112966.706030798	35994	37.61219081272085	2264
r_pp_light_00157.fits	0	60224.50414386578	2460224.504143866	NaN	NaN	0	1.336248	NaN	-10.4	40	NaN	NaN	3198495.160837039	37445	37.46201688138605	2251
r_pp_light_00158.fits	0	60224.504688657355	2460224.5046886574	NaN	NaN	0	1.337259	NaN	-10.4	40	NaN	NaN	3310879.585723841	38473	39.092328278322924	2242
r_pp_light_00159.fits	0	60224.50523237279	2460224.505232373	NaN	NaN	0	1.33827	NaN	-10.4	40	NaN	NaN	3771151.0853786594	34730	38.92324371205551	2306
r_pp_light_00160.fits	0	60224.50577577576	2460224.5057757758	NaN	NaN	0	1.339262	NaN	-10.4	40	NaN	NaN	3557956.6001851126	35524	37.4324557617609	2317
r_pp_light_00161.fits	0	60224.506319479086	2460224.506319479	NaN	NaN	0	1.340277	NaN	-10.4	40	NaN	NaN	3332866.6333721713	36473	38.79652928416486	2305
r_pp_light_00162.fits	0	60224.50686376169	2460224.5068637617	NaN	NaN	0	1.341296	NaN	-10.4	40	NaN	NaN	3477823.8782475106	36279	37.10281995661605	2305
r_pp_light_00163.fits	0	60224.50740675954	2460224.5074067595	NaN	NaN	0	1.342294	NaN	-10.4	40	NaN	NaN	3438869.700550346	35216	36.04870817450233	2361
r_pp_light_00164.fits	0	60224.50795039348	2460224.5079503935	NaN	NaN	0	1.343317	NaN	-10.4	40	NaN	NaN	3634354.057899753	37001	39.06401766004415	2265
r_pp_light_00165.fits	0	60224.508494641166	2460224.508494641	NaN	NaN	0	1.344343	NaN	-10.4	40	NaN	NaN	3700430.8576552477	34877	38.95621716287216	2284
r_pp_light_00166.fits	0	60224.509038333315	2460224.5090383333	NaN	NaN	0	1.345349	NaN	-10.4	40	NaN	NaN	3666385.9004886174	38951	36.43133951137321	2374
r_pp_light_00167.fits	0	60224.509581226856	2460224.509581227	NaN	NaN	0	1.346377	NaN	-10.4	40	NaN	NaN	3691148.6394265187	36281	37.87147736976943	2342
r_pp_light_00168.fits	0	60224.51012613438	2460224.5101261344	NaN	NaN	0	1.34739	NaN	-10.4	40	NaN	NaN	3656468.881920571	38596	36.899638336347195	2212
r_pp_light_00169.fits	0	60224.51066903956	2460224.5106690396	NaN	NaN	0	1.348423	NaN	-10.4	40	NaN	NaN	3323001.98856723	38872	36.52107111501317	2278
r_pp_light_00170.fits	0	60224.51121270843	2460224.5112127084	NaN	NaN	0	1.349438	NaN	-10.4	40	NaN	NaN	3537577.3909231536	36460	37.96337157987644	2266
r_pp_light_00171.fits	0	60224.51175696775	2460224.5117569678	NaN	NaN	0	1.350478	NaN	-10.4	40	NaN	NaN	3472500.2303803028	35283	38.487369337979096	2296
r_pp_light_00172.fits	0	60224.512300613336	2460224.5123006133	NaN	NaN	0	1.351519	NaN	-10.4	40	NaN	NaN	3403854.0579124233	35843	37.897260273972606	2336
r_pp_light_00173.fits	0	60224.512844745535	2460224.5128447455	NaN	NaN	0	1.352542	NaN	-10.4	40	NaN	NaN	3572201.13122247	36894	36.61983822903363	2349
r_pp_light_00174.fits	0	60224.5133877201	2460224.51338772	NaN	NaN	0	1.353587	NaN	-10.4	40	NaN	NaN	3966979.776999195	35626	38.10034013605442	2352
r_pp_light_00175.fits	0	60224.51393144671	2460224.5139314467	NaN	NaN	0	1.354614	NaN	-10.4	40	NaN	NaN	3798607.392538605	36635	37.8039468039468	2331
r_pp_light_00176.fits	0	60224.51447505783	2460224.514475058	NaN	NaN	0	1.355664	NaN	-10.4	40	NaN	NaN	3674920.236777776	36674	37.55294619982921	2342
r_pp_light_00177.fits	0	60224.51501890039	2460224.5150189004	NaN	NaN	0	1.356694	NaN	-10.3	40	NaN	NaN	3716198.6798178633	36071	40.360068995256576	2319
r_pp_light_00178.fits	0	60224.515563761815	2460224.515563762	NaN	NaN	0	1.357752	NaN	-10.3	40	NaN	NaN	3679072.2268335153	36248	40.284581497797355	2270
r_pp_light_00179.fits	0	60224.51610747678	2460224.516107477	NaN	NaN	0	1.35881	NaN	-10.4	40	NaN	NaN	3834946.9898185176	37556	38.9765590446705	2261
r_pp_light_00180.fits	0	60224.51665044017	2460224.51665044	NaN	NaN	0	1.359845	NaN	-10.4	40	NaN	NaN	3718565.381170505	37046	40.551798872995235	2307
r_pp_light_00181.fits	0	60224.5171941435	2460224.5171941435	NaN	NaN	0	1.360907	NaN	-10.4	40	NaN	NaN	3869047.048603973	38326	41.64301262516326	2297
r_pp_light_00182.fits	0	60224.517737349495	2460224.5177373495	NaN	NaN	0	1.361949	NaN	-10.4	40	NaN	NaN	4013381.6462723175	36457	41.43951261966928	2298
r_pp_light_00183.fits	0	60224.518280845135	2460224.518280845	NaN	NaN	0	1.363015	NaN	-10.4	40	NaN	NaN	3889425.4331182595	37155	39.63272410791993	2298
r_pp_light_00184.fits	0	60224.51882371539	2460224.5188237154	NaN	NaN	0	1.364082	NaN	-10.4	40	NaN	NaN	3765113.214242474	37073	40.99520488230166	2294
r_pp_light_00185.fits	0	60224.519367789384	2460224.5193677894	NaN	NaN	0	1.365132	NaN	-10.4	40	NaN	NaN	4234970.720735388	37056	39.3510078878177	2282
r_pp_light_00186.fits	0	60224.519911122974	2460224.519911123	NaN	NaN	0	1.366204	NaN	-10.4	40	NaN	NaN	4135568.5104907067	38344	40.07959542656113	2274
r_pp_light_00187.fits	0	60224.520454872865	2460224.520454873	NaN	NaN	0	1.367258	NaN	-10.4	40	NaN	NaN	4056509.891690531	35722	40.31885317115552	2302
r_pp_light_00188.fits	0	60224.52100047469	2460224.5210004747	NaN	NaN	0	1.36834	NaN	-10.4	40	NaN	NaN	4090105.786684837	35981	40.45305951383068	2386
r_pp_light_00189.fits	0	60224.521543785	2460224.521543785	NaN	NaN	0	1.369396	NaN	-10.4	40	NaN	NaN	4092523.6744689737	37457	41.06381156316917	2335
r_pp_light_00190.fits	0	60224.52208741894	2460224.522087419	NaN	NaN	0	1.370478	NaN	-10.4	40	NaN	NaN	3922729.2288458985	37290	40.81997371879106	2283
r_pp_light_00191.fits	0	60224.52263093786	2460224.522630938	NaN	NaN	0	1.371539	NaN	-10.4	40	NaN	NaN	4078496.9343654844	37358	40.70655021834061	2290
r_pp_light_00192.fits	0	60224.523174733855	2460224.523174734	NaN	NaN	0	1.372626	NaN	-10.3	40	NaN	NaN	4116486.884495738	38195	42.05070546737213	2268
r_pp_light_00193.fits	0	60224.52371776616	2460224.523717766	NaN	NaN	0	1.373714	NaN	-10.4	40	NaN	NaN	5130410.1917544585	36255	42.54048234280793	2322
r_pp_light_00194.fits	0	60224.524261481594	2460224.5242614816	NaN	NaN	0	1.374782	NaN	-10.3	40	NaN	NaN	4367207.014980844	36805	42.97039030955585	2229
r_pp_light_00195.fits	0	60224.524804907385	2460224.5248049074	NaN	NaN	0	1.375852	NaN	-10.3	40	NaN	NaN	4204825.847746531	38808	42.67279090113736	2286
r_pp_light_00196.fits	0	60224.52534870384	2460224.525348704	NaN	NaN	0	1.376947	NaN	-10.4	40	NaN	NaN	4149901.6206794553	36892	42.9192573402418	2316
r_pp_light_00197.fits	0	60224.52589156246	2460224.5258915625	NaN	NaN	0	1.378043	NaN	-10.4	40	NaN	NaN	4019787.4320015577	37740	41.40835872877666	2297
r_pp_light_00198.fits	0	60224.52643718757	2460224.5264371876	NaN	NaN	0	1.379123	NaN	-10.4	40	NaN	NaN	4179150.1090416815	37112	42.54426090639559	2361
r_pp_light_00199.fits	0	60224.52698016213	2460224.526980162	NaN	NaN	0	1.380223	NaN	-10.4	40	NaN	NaN	3947507.8881161874	37974	42.06448839208942	2326
r_pp_light_00200.fits	0	60224.52752399305	2460224.527523993	NaN	NaN	0	1.381304	NaN	-10.4	40	NaN	NaN	4262004.638158302	36306	40.721883173496074	2294
r_pp_light_00201.fits	0	60224.528067419305	2460224.5280674193	NaN	NaN	0	1.382411	NaN	-10.3	40	NaN	NaN	4225799.766390678	37105	40.61165048543689	2266
r_pp_light_00202.fits	0	60224.52861226862	2460224.5286122686	NaN	NaN	0	1.383498	NaN	-10.3	40	NaN	NaN	4503886.4095495315	37356	41.92015706806283	2292
r_pp_light_00203.fits	0	60224.529155694414	2460224.5291556944	NaN	NaN	0	1.384607	NaN	-10.4	40	NaN	NaN	3905662.576751525	39020	39.46306943830164	2261
r_pp_light_00204.fits	0	60224.52969932882	2460224.529699329	NaN	NaN	0	1.385697	NaN	-10.4	40	NaN	NaN	3586642.086233166	37294	40.72999120492524	2274
r_pp_light_00205.fits	0	60224.530242731795	2460224.530242732	NaN	NaN	0	1.38681	NaN	-10.4	40	NaN	NaN	3878612.73330866	39240	39.56141114982579	2296
r_pp_light_00206.fits	0	60224.53078672476	2460224.5307867248	NaN	NaN	0	1.387904	NaN	-10.4	40	NaN	NaN	4044091.134676749	37955	41.97487223168654	2348
r_pp_light_00207.fits	0	60224.53133075265	2460224.5313307527	NaN	NaN	0	1.389024	NaN	-10.4	40	NaN	NaN	3598004.3339171484	38795	41.97159090909091	2288
r_pp_light_00208.fits	0	60224.53187538218	2460224.531875382	NaN	NaN	0	1.390122	NaN	-10.4	40	NaN	NaN	3736972.131662468	37209	40.88879042977403	2257
r_pp_light_00209.fits	0	60224.53241872694	2460224.532418727	NaN	NaN	0	1.391245	NaN	-10.4	40	NaN	NaN	4013470.4706896837	38642	41.60657193605684	2252
r_pp_light_00210.fits	0	60224.53296236135	2460224.5329623614	NaN	NaN	0	1.39237	NaN	-10.4	40	NaN	NaN	3732984.359335473	40301	41.57624190064795	2315
r_pp_light_00211.fits	0	60224.53350570612	2460224.533505706	NaN	NaN	0	1.393472	NaN	-10.3	40	NaN	NaN	3730778.284988375	38122	42.5862803579037	2347
r_pp_light_00212.fits	0	60224.53404927114	2460224.534049271	NaN	NaN	0	1.394603	NaN	-10.4	40	NaN	NaN	3698467.888591957	40829	41.05095818815331	2296
r_pp_light_00213.fits	0	60224.534592974465	2460224.5345929745	NaN	NaN	0	1.39571	NaN	-10.3	40	NaN	NaN	3774529.870706242	38045	41.61166306695464	2315
r_pp_light_00214.fits	0	60224.53513637744	2460224.5351363774	NaN	NaN	0	1.396841	NaN	-10.4	40	NaN	NaN	4240984.836774187	39024	42.95153401511783	2249
r_pp_light_00215.fits	0	60224.53568006959	2460224.5356800696	NaN	NaN	0	1.397953	NaN	-10.4	40	NaN	NaN	4076765.1159096747	36003	40.86748573935937	2279
r_pp_light_00216.fits	0	60224.53622307908	2460224.536223079	NaN	NaN	0	1.399066	NaN	-10.4	40	NaN	NaN	4543242.771830229	37484	43.35131690739168	2354
r_pp_light_00217.fits	0	60224.53676719917	2460224.536767199	NaN	NaN	0	1.400205	NaN	-10.4	40	NaN	NaN	4095995.8879092103	38652	41.143374038896425	2211
r_pp_light_00218.fits	0	60224.53731190972	2460224.5373119097	NaN	NaN	0	1.401349	NaN	-10.3	40	NaN	NaN	3867826.035597462	40654	42.294590025359255	2366
r_pp_light_00219.fits	0	60224.5378558333	2460224.5378558333	NaN	NaN	0	1.40247	NaN	-10.4	40	NaN	NaN	3828683.6138069294	38488	42.57473875511131	2201
r_pp_light_00220.fits	0	60224.53839945607	2460224.538399456	NaN	NaN	0	1.403614	NaN	-10.4	40	NaN	NaN	3915120.0190717126	37953	40.416778824585016	2229
r_pp_light_00221.fits	0	60224.53894306719	2460224.538943067	NaN	NaN	0	1.404738	NaN	-10.4	40	NaN	NaN	3923219.106546515	39891	42.855245683930946	2259
r_pp_light_00222.fits	0	60224.53948668996	2460224.53948669	NaN	NaN	0	1.405886	NaN	-10.3	40	NaN	NaN	4114120.793066397	36493	41.928172043010754	2325
r_pp_light_00223.fits	0	60224.54003034718	2460224.540030347	NaN	NaN	0	1.407014	NaN	-10.3	40	NaN	NaN	4039090.1150665004	41321	43.491220368744514	2278
r_pp_light_00224.fits	0	60224.540573738515	2460224.5405737385	NaN	NaN	0	1.408165	NaN	-10.3	40	NaN	NaN	4089536.773452371	37306	43.212633451957295	2248
r_pp_light_00225.fits	0	60224.541117396206	2460224.541117396	NaN	NaN	0	1.409297	NaN	-10.3	40	NaN	NaN	4084041.189188628	38207	42.90594059405941	2222
r_pp_light_00226.fits	0	60224.54166072933	2460224.5416607293	NaN	NaN	0	1.410452	NaN	-10.4	40	NaN	NaN	3718900.090155248	38413	42.05006530256857	2297
r_pp_light_00227.fits	0	60224.54220440984	2460224.54220441	NaN	NaN	0	1.411587	NaN	-10.4	40	NaN	NaN	3799154.404204838	42033	43.35978835978836	2268
r_pp_light_00228.fits	0	60224.54274924798	2460224.542749248	NaN	NaN	0	1.412725	NaN	-10.3	40	NaN	NaN	3676408.3570187218	42330	43.46100519930676	2308
r_pp_light_00229.fits	0	60224.54329241905	2460224.543292419	NaN	NaN	0	1.413886	NaN	-10.4	40	NaN	NaN	3667803.878192749	40544	43.31391729657626	2249
r_pp_light_00230.fits	0	60224.54383615777	2460224.543836158	NaN	NaN	0	1.415052	NaN	-10.4	40	NaN	NaN	3414194.8907132875	41232	42.88952464788732	2272
r_pp_light_00231.fits	0	60224.544379190076	2460224.54437919	NaN	NaN	0	1.416193	NaN	-10.4	40	NaN	NaN	3512337.5893131597	40063	42.420796460176994	2260
r_pp_light_00232.fits	0	60224.544923240785	2460224.544923241	NaN	NaN	0	1.417364	NaN	-10.4	40	NaN	NaN	3466014.1735664182	38723	42.936334697589814	2199
r_pp_light_00233.fits	0	60224.54546622699	2460224.545466227	NaN	NaN	0	1.418509	NaN	-10.4	40	NaN	NaN	3618627.227957988	40573	43.136109918419926	2329
r_pp_light_00234.fits	0	60224.546010370366	2460224.5460103704	NaN	NaN	0	1.419681	NaN	-10.4	40	NaN	NaN	3801120.446810234	39745	43.79155672823219	2274
r_pp_light_00235.fits	0	60224.54655331047	2460224.5465533105	NaN	NaN	0	1.420828	NaN	-10.4	40	NaN	NaN	3689838.292319181	40310	42.58607095926413	2283
r_pp_light_00236.fits	0	60224.54709703708	2460224.547097037	NaN	NaN	0	1.42198	NaN	-10.4	40	NaN	NaN	3739841.762257228	39634	42.6086387434555	2292
r_pp_light_00237.fits	0	60224.547640613746	2460224.5476406137	NaN	NaN	0	1.423157	NaN	-10.4	40	NaN	NaN	3669292.492252756	41418	43.01510700797314	2383
r_pp_light_00238.fits	0	60224.54818589147	2460224.5481858915	NaN	NaN	0	1.424316	NaN	-10.4	40	NaN	NaN	3929363.231151455	42022	43.44599156118144	2370
r_pp_light_00239.fits	0	60224.54872928234	2460224.5487292823	NaN	NaN	0	1.425496	NaN	-10.4	40	NaN	NaN	3733266.727381669	39498	43.074811863656485	2259
r_pp_light_00240.fits	0	60224.54927336797	2460224.549273368	NaN	NaN	0	1.426656	NaN	-10.3	40	NaN	NaN	3934071.4015417406	37675	43.024042742653606	2246
r_pp_light_00241.fits	0	60224.5498170834	2460224.5498170834	NaN	NaN	0	1.427841	NaN	-10.4	40	NaN	NaN	3746944.3268307606	40185	43.023727351164794	2318
r_pp_light_00242.fits	0	60224.55036085658	2460224.5503608566	NaN	NaN	0	1.429002	NaN	-10.4	40	NaN	NaN	3883070.4978305283	37080	45.09310816978549	2191
r_pp_light_00243.fits	0	60224.5509044677	2460224.5509044677	NaN	NaN	0	1.430189	NaN	-10.4	40	NaN	NaN	3623465.764568569	40460	44.13237847222222	2304
r_pp_light_00244.fits	0	60224.55144748837	2460224.5514474884	NaN	NaN	0	1.431354	NaN	-10.4	40	NaN	NaN	3541193.4644601564	38784	43.079260237780716	2271
r_pp_light_00245.fits	0	60224.55199126154	2460224.5519912615	NaN	NaN	0	1.43252	NaN	-10.4	40	NaN	NaN	3747565.497943262	42201	42.04302477183833	2301
r_pp_light_00246.fits	0	60224.552535139024	2460224.552535139	NaN	NaN	0	1.433714	NaN	-10.4	40	NaN	NaN	3921173.709786241	39559	44.877341659232826	2242
r_pp_light_00247.fits	0	60224.55307875015	2460224.55307875	NaN	NaN	0	1.434883	NaN	-10.4	40	NaN	NaN	3882665.0572876683	41598	44.448200175592625	2278
r_pp_light_00248.fits	0	60224.55362349562	2460224.5536234956	NaN	NaN	0	1.436084	NaN	-10.4	40	NaN	NaN	3689041.020454104	38913	44.59537572254335	2249
r_pp_light_00249.fits	0	60224.554166400805	2460224.554166401	NaN	NaN	0	1.437255	NaN	-10.4	40	NaN	NaN	3691891.002742819	40466	45.50748898678414	2270
r_pp_light_00250.fits	0	60224.55471032439	2460224.5547103244	NaN	NaN	0	1.438458	NaN	-10.4	40	NaN	NaN	3696555.7515032347	40010	45.54389914452949	2221
r_pp_light_00251.fits	0	60224.55525378464	2460224.5552537846	NaN	NaN	0	1.439633	NaN	-10.4	40	NaN	NaN	3973575.8662736826	40162	45.50394045534151	2284
r_pp_light_00252.fits	0	60224.55579770869	2460224.5557977087	NaN	NaN	0	1.440837	NaN	-10.4	40	NaN	NaN	3888704.2059462164	41556	46.45343244425011	2287
r_pp_light_00253.fits	0	60224.55634087976	2460224.5563408798	NaN	NaN	0	1.442015	NaN	-10.4	40	NaN	NaN	4207695.868745584	39491	46.92354740061162	2289
r_pp_light_00254.fits	0	60224.55688505806	2460224.556885058	NaN	NaN	0	1.443197	NaN	-10.4	40	NaN	NaN	4277840.171037893	38594	46.93143365983971	2246
r_pp_light_00255.fits	0	60224.55742858816	2460224.557428588	NaN	NaN	0	1.444408	NaN	-10.4	40	NaN	NaN	4101858.7455375795	38274	46.54095488392466	2283
r_pp_light_00256.fits	0	60224.55797234969	2460224.5579723497	NaN	NaN	0	1.445592	NaN	-10.4	40	NaN	NaN	3985352.3780098916	39714	46.48482220294883	2306
r_pp_light_00257.fits	0	60224.55851619225	2460224.5585161922	NaN	NaN	0	1.446807	NaN	-10.4	40	NaN	NaN	3918966.1096219905	38112	46.45762711864407	2301
r_pp_light_00258.fits	0	60224.55906116916	2460224.559061169	NaN	NaN	0	1.447997	NaN	-10.4	40	NaN	NaN	4047893.007742975	40601	44.981300089047195	2246
r_pp_light_00259.fits	0	60224.559604687616	2460224.5596046876	NaN	NaN	0	1.449211	NaN	-10.4	40	NaN	NaN	3807483.016548217	41938	45.312611806797854	2236
r_pp_light_00260.fits	0	60224.56014840305	2460224.560148403	NaN	NaN	0	1.450402	NaN	-10.4	40	NaN	NaN	4089583.8198300856	38428	48.30428954423593	2238
r_pp_light_00261.fits	0	60224.560691423714	2460224.5606914237	NaN	NaN	0	1.451593	NaN	-10.4	40	NaN	NaN	3970575.285894787	40926	46.00828247602441	2294
r_pp_light_00262.fits	0	60224.561236412264	2460224.5612364123	NaN	NaN	0	1.452818	NaN	-10.4	40	NaN	NaN	3594795.3631321113	42816	47.227465986394556	2352
r_pp_light_00263.fits	0	60224.56177937519	2460224.561779375	NaN	NaN	0	1.454014	NaN	-10.4	40	NaN	NaN	3678102.7936799917	39264	45.0917512130569	2267
r_pp_light_00264.fits	0	60224.56232309062	2460224.5623230906	NaN	NaN	0	1.455239	NaN	-10.4	40	NaN	NaN	3872257.629586532	38664	47.05663716814159	2260
r_pp_light_00265.fits	0	60224.562866261695	2460224.5628662617	NaN	NaN	0	1.456436	NaN	-10.4	40	NaN	NaN	3656494.67426764	40708	45.50511793502448	2247
r_pp_light_00266.fits	0	60224.56340945605	2460224.563409456	NaN	NaN	0	1.457635	NaN	-10.4	40	NaN	NaN	3762022.746245682	46958	46.45601750547046	2285
r_pp_light_00267.fits	0	60224.563952407334	2460224.5639524073	NaN	NaN	0	1.458861	NaN	-10.3	40	NaN	NaN	3766365.8465314046	43255	46.6343452650657	2207
r_pp_light_00268.fits	0	60224.56449730322	2460224.564497303	NaN	NaN	0	1.460066	NaN	-10.4	40	NaN	NaN	3740547.4237469323	40673	47.97852233676976	2328
r_pp_light_00269.fits	0	60224.565040243324	2460224.5650402433	NaN	NaN	0	1.461297	NaN	-10.4	40	NaN	NaN	3727081.865395963	40360	46.48256802721088	2352
r_pp_light_00270.fits	0	60224.565583947115	2460224.565583947	NaN	NaN	0	1.462503	NaN	-10.4	40	NaN	NaN	3727849.8239253545	41015	48.30659767141009	2319
r_pp_light_00271.fits	0	60224.56612697942	2460224.5661269794	NaN	NaN	0	1.463732	NaN	-10.4	40	NaN	NaN	3583830.3279224564	41373	47.38723776223776	2288
r_pp_light_00272.fits	0	60224.56667121546	2460224.5666712155	NaN	NaN	0	1.464942	NaN	-10.4	40	NaN	NaN	3771513.301508069	37919	47.80255619215514	2269
r_pp_light_00273.fits	0	60224.567215139046	2460224.567215139	NaN	NaN	0	1.466155	NaN	-10.4	40	NaN	NaN	3845458.4873989937	39264	47.146958011996574	2334
r_pp_light_00274.fits	0	60224.56775890058	2460224.5677589006	NaN	NaN	0	1.467393	NaN	-10.4	40	NaN	NaN	3706224.3874427727	38801	48.39186773905273	2238
r_pp_light_00275.fits	0	60224.56830254663	2460224.5683025466	NaN	NaN	0	1.468608	NaN	-10.4	40	NaN	NaN	3879686.0237043337	39699	48.70924149956408	2294
r_pp_light_00276.fits	0	60224.56884629652	2460224.5688462965	NaN	NaN	0	1.469846	NaN	-10.4	40	NaN	NaN	3833576.10696122	40427	47.497552291944814	2247
r_pp_light_00277.fits	0	60224.56938982662	2460224.5693898266	NaN	NaN	0	1.471061	NaN	-10.4	40	NaN	NaN	3759399.8848781562	41702	47.644578313253014	2324
r_pp_light_00278.fits	0	60224.5699347686	2460224.5699347686	NaN	NaN	0	1.47231	NaN	-10.4	40	NaN	NaN	3736375.9545369595	37682	48.48005203816132	2306
r_pp_light_00279.fits	0	60224.57047834527	2460224.5704783453	NaN	NaN	0	1.473528	NaN	-10.4	40	NaN	NaN	3897106.879980805	38247	49.369156837046745	2289
r_pp_light_00280.fits	0	60224.57102164347	2460224.5710216435	NaN	NaN	0	1.474746	NaN	-10.4	40	NaN	NaN	3806795.793758752	40224	49.57008928571429	2240
r_pp_light_00281.fits	0	60224.571565451566	2460224.5715654516	NaN	NaN	0	1.475994	NaN	-10.4	40	NaN	NaN	4121222.667701871	41317	49.92087912087912	2275
r_pp_light_00282.fits	0	60224.57210915536	2460224.5721091554	NaN	NaN	0	1.477216	NaN	-10.4	40	NaN	NaN	3942533.7681620494	40047	50.03959524857017	2273
r_pp_light_00283.fits	0	60224.57265232643	2460224.5726523264	NaN	NaN	0	1.478438	NaN	-10.4	40	NaN	NaN	4083323.363510285	39282	47.49210645015787	2217
r_pp_light_00284.fits	0	60224.57319596084	2460224.573195961	NaN	NaN	0	1.479692	NaN	-10.4	40	NaN	NaN	4203947.157083971	36869	49.92835028748341	2261
r_pp_light_00285.fits	0	60224.573738981504	2460224.5737389815	NaN	NaN	0	1.480913	NaN	-10.4	40	NaN	NaN	4266370.8966945065	38232	49.434347826086956	2300
r_pp_light_00286.fits	0	60224.57428260427	2460224.5742826043	NaN	NaN	0	1.48217	NaN	-10.4	40	NaN	NaN	4727460.610394001	38955	49.113063063063066	2220
r_pp_light_00287.fits	0	60224.57482598396	2460224.574825984	NaN	NaN	0	1.483398	NaN	-10.4	40	NaN	NaN	4471730.799912078	37527	49.46235644406635	2351
r_pp_light_00288.fits	0	60224.57537084492	2460224.575370845	NaN	NaN	0	1.48463	NaN	-10.4	40	NaN	NaN	5019153.9925185125	39257	50.920373665480426	2248
r_pp_light_00289.fits	0	60224.575914745685	2460224.5759147457	NaN	NaN	0	1.485888	NaN	-10.4	40	NaN	NaN	4338464.595924892	41693	49.42526690391459	2248
r_pp_light_00290.fits	0	60224.576458923984	2460224.576458924	NaN	NaN	0	1.487121	NaN	-10.4	40	NaN	NaN	4168414.0017728796	42225	52.014771709937335	2234
r_pp_light_00291.fits	0	60224.577002071775	2460224.577002072	NaN	NaN	0	1.488384	NaN	-10.4	40	NaN	NaN	4231829.088348305	37425	50.93778178539225	2218
r_pp_light_00292.fits	0	60224.57754591433	2460224.5775459143	NaN	NaN	0	1.489615	NaN	-10.4	40	NaN	NaN	4435216.634435448	37223	49.47585601404741	2278
r_pp_light_00293.fits	0	60224.57808952546	2460224.5780895255	NaN	NaN	0	1.490854	NaN	-10.4	40	NaN	NaN	4242857.915848448	40253	50.32121212121212	2310
r_pp_light_00294.fits	0	60224.578633205965	2460224.578633206	NaN	NaN	0	1.492117	NaN	-10.4	40	NaN	NaN	4206387.168514098	37780	49.939153439153436	2268
r_pp_light_00295.fits	0	60224.57917697914	2460224.579176979	NaN	NaN	0	1.493355	NaN	-10.4	40	NaN	NaN	4322427.984473844	37849	49.85537542662116	2344
r_pp_light_00296.fits	0	60224.579720729496	2460224.5797207295	NaN	NaN	0	1.494591	NaN	-10.4	40	NaN	NaN	4237561.749313971	36723	48.96411165263624	2257
r_pp_light_00297.fits	0	60224.58026484959	2460224.5802648496	NaN	NaN	0	1.495862	NaN	-10.4	40	NaN	NaN	4233900.336916439	36498	48.43150379294958	2241
r_pp_light_00298.fits	0	60224.58080979204	2460224.580809792	NaN	NaN	0	1.497106	NaN	-10.4	40	NaN	NaN	4476020.427254589	37810	49.97026338147833	2354
r_pp_light_00299.fits	0	60224.581352858804	2460224.581352859	NaN	NaN	0	1.498347	NaN	-10.4	40	NaN	NaN	4251624.550993076	39316	49.86082703423744	2249
r_pp_light_00300.fits	0	60224.58189653931	2460224.5818965393	NaN	NaN	0	1.499617	NaN	-10.4	40	NaN	NaN	4208920.6315215165	37466	50.14826642335766	2192
r_pp_light_00301.fits	0	60224.582439664286	2460224.5824396643	NaN	NaN	0	1.50086	NaN	-10.4	40	NaN	NaN	3919046.511558315	38493	50.01189427312775	2270
r_pp_light_00302.fits	0	60224.58298289357	2460224.5829828936	NaN	NaN	0	1.502132	NaN	-10.4	40	NaN	NaN	4020588.8911756193	37681	47.57782608695652	2300
r_pp_light_00303.fits	0	60224.58352664346	2460224.5835266435	NaN	NaN	0	1.503374	NaN	-10.4	40	NaN	NaN	4392527.33001577	37846	49.58659469185785	2223
r_pp_light_00304.fits	0	60224.584070266224	2460224.584070266	NaN	NaN	0	1.504625	NaN	-10.4	40	NaN	NaN	3813436.468112749	38391	49.556233653007844	2294
r_pp_light_00305.fits	0	60224.5846136692	2460224.584613669	NaN	NaN	0	1.5059	NaN	-10.4	40	NaN	NaN	4200085.315328266	40854	49.02198275862069	2320
r_pp_light_00306.fits	0	60224.5851575234	2460224.5851575234	NaN	NaN	0	1.50715	NaN	-10.3	40	NaN	NaN	3846576.917786242	39312	49.938557435440785	2246
r_pp_light_00307.fits	0	60224.5857010535	2460224.5857010535	NaN	NaN	0	1.5084	NaN	-10.4	40	NaN	NaN	4008680.1914081965	39663	49.55271422162404	2229
r_pp_light_00308.fits	0	60224.58624608815	2460224.586246088	NaN	NaN	0	1.509681	NaN	-10.4	40	NaN	NaN	4262775.595618239	39122	49.562720848056536	2264
r_pp_light_00309.fits	0	60224.58679001173	2460224.5867900117	NaN	NaN	0	1.510934	NaN	-10.4	40	NaN	NaN	4273318.671590896	38580	51.06719367588933	2277
r_pp_light_00310.fits	0	60224.58733385429	2460224.5873338543	NaN	NaN	0	1.512183	NaN	-10.4	40	NaN	NaN	4305424.79186894	37164	50.150067598017124	2219
r_pp_light_00311.fits	0	60224.58787746541	2460224.5878774654	NaN	NaN	0	1.513464	NaN	-10.4	40	NaN	NaN	4103539.2686912813	37801	51.58907152376722	2251
r_pp_light_00312.fits	0	60224.58842201391	2460224.588422014	NaN	NaN	0	1.514721	NaN	-10.3	40	NaN	NaN	4167705.544365936	38110	49.91155866900175	2284
r_pp_light_00313.fits	0	60224.58896603016	2460224.58896603	NaN	NaN	0	1.515977	NaN	-10.4	40	NaN	NaN	4728609.06123171	37499	52.82941958351795	2257
r_pp_light_00314.fits	0	60224.58951025456	2460224.5895102546	NaN	NaN	0	1.517235	NaN	-10.4	40	NaN	NaN	4263759.970163284	37866	50.83499095840868	2212
r_pp_light_00315.fits	0	60224.590053819586	2460224.5900538196	NaN	NaN	0	1.51852	NaN	-10.4	40	NaN	NaN	4118765.781810034	38038	51.57403386886669	2303
r_pp_light_00316.fits	0	60224.59059741907	2460224.590597419	NaN	NaN	0	1.519773	NaN	-10.4	40	NaN	NaN	3950188.7224631845	40840	51.51153504880213	2254
r_pp_light_00317.fits	0	60224.59114041692	2460224.591140417	NaN	NaN	0	1.521062	NaN	-10.4	40	NaN	NaN	4121955.030855165	39037	51.621481160675614	2309
r_pp_light_00318.fits	0	60224.59168547485	2460224.591685475	NaN	NaN	0	1.522325	NaN	-10.4	40	NaN	NaN	4146652.0872951956	36786	51.78432240921169	2258
r_pp_light_00319.fits	0	60224.59222891228	2460224.5922289123	NaN	NaN	0	1.523608	NaN	-10.4	40	NaN	NaN	4109399.2412558957	40018	52.46061946902655	2260
r_pp_light_00320.fits	0	60224.592772662174	2460224.592772662	NaN	NaN	0	1.52487	NaN	-10.4	40	NaN	NaN	4196325.441362818	37489	49.92573623559539	2343
r_pp_light_00321.fits	0	60224.59331653966	2460224.5933165397	NaN	NaN	0	1.526132	NaN	-10.4	40	NaN	NaN	4282931.936268016	36807	51.49085086916743	2186
r_pp_light_00322.fits	0	60224.593860706314	2460224.5938607063	NaN	NaN	0	1.527423	NaN	-10.4	40	NaN	NaN	3914489.4629080067	40085	51.13801862828112	2362
r_pp_light_00323.fits	0	60224.594404328614	2460224.5944043286	NaN	NaN	0	1.528687	NaN	-10.4	40	NaN	NaN	3669396.4025997682	39493	50.59882671480145	2216
r_pp_light_00324.fits	0	60224.594947997946	2460224.594947998	NaN	NaN	0	1.529946	NaN	-10.4	40	NaN	NaN	3893427.7993959687	41230	51.32860938883968	2258
r_pp_light_00325.fits	0	60224.595492048655	2460224.5954920487	NaN	NaN	0	1.531212	NaN	-10.4	40	NaN	NaN	4090984.824195579	38032	50.484429065743946	2312
r_pp_light_00326.fits	0	60224.596036226954	2460224.596036227	NaN	NaN	0	1.532506	NaN	-10.4	40	NaN	NaN	4150143.165471837	36073	50.9723731884058	2208
r_pp_light_00327.fits	0	60224.59658001177	2460224.596580012	NaN	NaN	0	1.533772	NaN	-10.4	40	NaN	NaN	4329070.815836033	38509	49.5067084078712	2236
r_pp_light_00328.fits	0	60224.597125081345	2460224.5971250813	NaN	NaN	0	1.53507	NaN	-10.4	40	NaN	NaN	3774463.2075230195	40042	49.48688663282572	2364
r_pp_light_00329.fits	0	60224.5976686459	2460224.597668646	NaN	NaN	0	1.536337	NaN	-10.4	40	NaN	NaN	3865671.3850912764	39117	49.56299212598425	2286
r_pp_light_00330.fits	0	60224.59821278928	2460224.5982127893	NaN	NaN	0	1.537606	NaN	-10.4	40	NaN	NaN	4079536.6900813235	36781	52.84129089301503	2262
r_pp_light_00331.fits	0	60224.59875618061	2460224.5987561806	NaN	NaN	0	1.538869	NaN	-10.4	40	NaN	NaN	4222579.593595982	36947	52.13066666666667	2250
r_pp_light_00332.fits	0	60224.59930038219	2460224.599300382	NaN	NaN	0	1.540167	NaN	-10.4	40	NaN	NaN	4224513.744806218	39570	51.911237428946215	2287
r_pp_light_00333.fits	0	60224.599843865726	2460224.5998438657	NaN	NaN	0	1.541436	NaN	-10.4	40	NaN	NaN	3970762.197580413	37430	50.16976007243096	2209
r_pp_light_00334.fits	0	60224.60038774321	2460224.600387743	NaN	NaN	0	1.542734	NaN	-10.4	40	NaN	NaN	3815435.016686091	38030	49.756816182937555	2274
r_pp_light_00335.fits	0	60224.60093075223	2460224.600930752	NaN	NaN	0	1.544003	NaN	-10.4	40	NaN	NaN	4120500.0751167843	39278	51.45693047660691	2287
r_pp_light_00336.fits	0	60224.60147445602	2460224.601474456	NaN	NaN	0	1.545275	NaN	-10.4	40	NaN	NaN	3832602.573532978	39982	51.90689346463742	2234
r_pp_light_00337.fits	0	60224.60201797448	2460224.6020179745	NaN	NaN	0	1.546568	NaN	-10.4	40	NaN	NaN	3668394.4952102406	40024	51.24187725631769	2216
r_pp_light_00338.fits	0	60224.602563032415	2460224.6025630324	NaN	NaN	0	1.547844	NaN	-10.4	40	NaN	NaN	4021967.7116110367	39633	52.07675438596491	2280
r_pp_light_00339.fits	0	60224.6031065858	2460224.603106586	NaN	NaN	0	1.549116	NaN	-10.4	40	NaN	NaN	4118933.2947558793	36299	52.55854293148309	2306
r_pp_light_00340.fits	0	60224.60365033569	2460224.6036503357	NaN	NaN	0	1.550389	NaN	-10.4	40	NaN	NaN	3855188.63407673	38439	51.371228683865326	2287
r_pp_light_00341.fits	0	60224.604193796404	2460224.6041937964	NaN	NaN	0	1.551684	NaN	-10.4	40	NaN	NaN	3605243.3859604117	40042	52.19049676025918	2315
r_pp_light_00342.fits	0	60224.604738947004	2460224.604738947	NaN	NaN	0	1.552967	NaN	-10.4	40	NaN	NaN	3870358.464894098	39578	52.3153271848924	2277
r_pp_light_00343.fits	0	60224.60528246546	2460224.6052824655	NaN	NaN	0	1.554235	NaN	-10.4	40	NaN	NaN	4328094.251018881	36666	51.43423985733393	2243
r_pp_light_00344.fits	0	60224.60582613433	2460224.6058261343	NaN	NaN	0	1.555537	NaN	-10.4	40	NaN	NaN	4187617.262021526	34957	53.384547848990344	2278
r_pp_light_00345.fits	0	60224.60636973381	2460224.606369734	NaN	NaN	0	1.556812	NaN	-10.4	40	NaN	NaN	3797074.4128529485	40000	50.48945518453427	2276
r_pp_light_00346.fits	0	60224.60691349534	2460224.6069134953	NaN	NaN	0	1.558082	NaN	-10.4	40	NaN	NaN	3442003.359961738	37388	48.946883230904305	2278
r_pp_light_00347.fits	0	60224.6074569677	2460224.6074569677	NaN	NaN	0	1.559356	NaN	-10.4	40	NaN	NaN	3368362.642825681	41204	50.623275862068965	2320
r_pp_light_00348.fits	0	60224.60800254624	2460224.6080025462	NaN	NaN	0	1.560659	NaN	-10.4	40	NaN	NaN	3406653.5675180154	40815	51.47138964577657	2202
r_pp_light_00349.fits	0	60224.60854549799	2460224.608545498	NaN	NaN	0	1.561933	NaN	-10.4	40	NaN	NaN	3403605.119351977	41295	50.49411764705882	2295
r_pp_light_00350.fits	0	60224.60908921296	2460224.609089213	NaN	NaN	0	1.563214	NaN	-10.4	40	NaN	NaN	3859175.4419321828	39225	50.00133037694013	2255
r_pp_light_00351.fits	0	60224.60963283572	2460224.6096328357	NaN	NaN	0	1.564513	NaN	-10.4	40	NaN	NaN	3666339.9280913095	38726	50.0266604303087	2138
r_pp_light_00352.fits	0	60224.610176539514	2460224.6101765395	NaN	NaN	0	1.565789	NaN	-10.4	40	NaN	NaN	3689655.4234277345	39381	51.957683741648104	2245
r_pp_light_00353.fits	0	60224.6107200929	2460224.610720093	NaN	NaN	0	1.567093	NaN	-10.4	40	NaN	NaN	3393871.914476614	39861	51.433702882483374	2255
r_pp_light_00354.fits	0	60224.611263935454	2460224.6112639355	NaN	NaN	0	1.568371	NaN	-10.4	40	NaN	NaN	3582471.6229429473	37369	49.97178281316802	2339
r_pp_light_00355.fits	0	60224.61180777801	2460224.611807778	NaN	NaN	0	1.569648	NaN	-10.4	40	NaN	NaN	3760702.863818791	38130	51.128126371215444	2279
r_pp_light_00356.fits	0	60224.612351539545	2460224.6123515395	NaN	NaN	0	1.570925	NaN	-10.4	40	NaN	NaN	4075772.3756595454	36799	53.393500219587175	2277
r_pp_light_00357.fits	0	60224.61289537046	2460224.6128953705	NaN	NaN	0	1.572225	NaN	-10.4	40	NaN	NaN	4202035.480073103	36426	51.95514737291756	2341
r_pp_light_00358.fits	0	60224.61344097229	2460224.6134409723	NaN	NaN	0	1.573507	NaN	-10.4	40	NaN	NaN	4255207.5573222125	35552	51.35270979020979	2288
r_pp_light_00359.fits	0	60224.61398454895	2460224.613984549	NaN	NaN	0	1.574784	NaN	-10.4	40	NaN	NaN	4104750.413330031	37138	51.06175562417292	2267
r_pp_light_00360.fits	0	60224.61452875007	2460224.61452875	NaN	NaN	0	1.576057	NaN	-10.4	40	NaN	NaN	4108694.670594846	36818	49.8065236818588	2238
r_pp_light_00361.fits	0	60224.61507224571	2460224.6150722457	NaN	NaN	0	1.577362	NaN	-10.4	40	NaN	NaN	3795589.4830282927	38628	51.54847161572052	2290
r_pp_light_00362.fits	0	60224.61561717605	2460224.615617176	NaN	NaN	0	1.578636	NaN	-10.4	40	NaN	NaN	3928512.7593640466	38862	48.09886264216973	2286
r_pp_light_00363.fits	0	60224.61616083328	2460224.6161608333	NaN	NaN	0	1.579935	NaN	-10.4	40	NaN	NaN	3546716.8887550468	40783	51.0669623059867	2255
r_pp_light_00364.fits	0	60224.61670456035	2460224.6167045604	NaN	NaN	0	1.581213	NaN	-10.4	40	NaN	NaN	3486485.001216894	40158	50.16860986547085	2230
r_pp_light_00365.fits	0	60224.61724840291	2460224.617248403	NaN	NaN	0	1.58249	NaN	-10.4	40	NaN	NaN	3477619.816436646	38463	50.98613518197573	2308
r_pp_light_00366.fits	0	60224.61779204896	2460224.617792049	NaN	NaN	0	1.583789	NaN	-10.3	40	NaN	NaN	3765800.1414658944	39360	50.21500920810313	2172
r_pp_light_00367.fits	0	60224.61833555577	2460224.618335556	NaN	NaN	0	1.585066	NaN	-10.4	40	NaN	NaN	3739059.154311127	38520	51.58946917808219	2336
r_pp_light_00368.fits	0	60224.618880069815	2460224.61888007	NaN	NaN	0	1.586345	NaN	-10.4	40	NaN	NaN	3623907.321744213	37047	49.964972234087995	2341
r_pp_light_00369.fits	0	60224.619423692115	2460224.619423692	NaN	NaN	0	1.587643	NaN	-10.4	40	NaN	NaN	3676860.624121182	37397	49.443271767810025	2274
r_pp_light_00370.fits	0	60224.61996744247	2460224.6199674425	NaN	NaN	0	1.58892	NaN	-10.4	40	NaN	NaN	3797520.1127968975	37553	50.96999117387467	2266
r_pp_light_00371.fits	0	60224.62051069457	2460224.6205106946	NaN	NaN	0	1.590184	NaN	-10.4	40	NaN	NaN	4035725.490471667	37288	51.51050150021432	2333
r_pp_light_00372.fits	0	60224.62105489615	2460224.621054896	NaN	NaN	0	1.591461	NaN	-10.4	40	NaN	NaN	3602179.447671936	39383	50.295424836601306	2295
r_pp_light_00373.fits	0	60224.62159806723	2460224.621598067	NaN	NaN	0	1.592757	NaN	-10.4	40	NaN	NaN	3583125.342520183	37975	48.9237668161435	2230
r_pp_light_00374.fits	0	60224.62214177102	2460224.622141771	NaN	NaN	0	1.594033	NaN	-10.4	40	NaN	NaN	3719435.265701935	36831	49.497206703910614	2327
r_pp_light_00375.fits	0	60224.62268522009	2460224.62268522	NaN	NaN	0	1.595308	NaN	-10.4	40	NaN	NaN	3561889.1097519356	38350	48.99213286713287	2288
r_pp_light_00376.fits	0	60224.623229132034	2460224.623229132	NaN	NaN	0	1.596611	NaN	-10.4	40	NaN	NaN	3606666.6068756357	38776	49.53959324967546	2311
r_pp_light_00377.fits	0	60224.62377266213	2460224.623772662	NaN	NaN	0	1.59788	NaN	-10.4	40	NaN	NaN	3911587.975653383	38961	49.44095860566449	2295
r_pp_light_00378.fits	0	60224.62431768514	2460224.624317685	NaN	NaN	0	1.599151	NaN	-10.4	40	NaN	NaN	4044956.23755863	36556	50.40855002203614	2269
r_pp_light_00379.fits	0	60224.62486166693	2460224.624861667	NaN	NaN	0	1.60042	NaN	-10.4	40	NaN	NaN	4126328.141421251	36417	50.588235294117645	2278
r_pp_light_00380.fits	0	60224.62540589133	2460224.6254058913	NaN	NaN	0	1.601723	NaN	-10.4	40	NaN	NaN	4298313.600789973	37973	48.22537053182214	2294
r_pp_light_00381.fits	0	60224.625948842615	2460224.6259488426	NaN	NaN	0	1.603001	NaN	-10.4	40	NaN	NaN	3858819.5211543594	38432	49.432967032967035	2275
r_pp_light_00382.fits	0	60224.62649379624	2460224.6264937962	NaN	NaN	0	1.604271	NaN	-10.4	40	NaN	NaN	4112625.5736876074	36063	50.00662878787879	2112
r_pp_light_00383.fits	0	60224.627037697006	2460224.627037697	NaN	NaN	0	1.605565	NaN	-10.4	40	NaN	NaN	3865405.3022005945	35963	49.432705558107486	2177
r_pp_light_00384.fits	0	60224.62758145854	2460224.6275814585	NaN	NaN	0	1.606837	NaN	-10.4	40	NaN	NaN	3967128.297505677	36077	49.88940876222884	2351
r_pp_light_00385.fits	0	60224.62812532438	2460224.6281253244	NaN	NaN	0	1.608109	NaN	-10.4	40	NaN	NaN	4169052.902884726	37253	51.42670157068063	2292
r_pp_light_00386.fits	0	60224.628669467755	2460224.6286694678	NaN	NaN	0	1.609369	NaN	-10.4	40	NaN	NaN	4193399.838385889	36845	48.55025996533796	2308
r_pp_light_00387.fits	0	60224.62921296293	2460224.629212963	NaN	NaN	0	1.610666	NaN	-10.4	40	NaN	NaN	4069575.1592168123	35389	50.75658492279746	2202
r_pp_light_00388.fits	0	60224.629757835995	2460224.629757836	NaN	NaN	0	1.611939	NaN	-10.4	40	NaN	NaN	3811945.552644583	37808	49.849184782608695	2208
r_pp_light_00389.fits	0	60224.63030130789	2460224.630301308	NaN	NaN	0	1.613202	NaN	-10.4	40	NaN	NaN	3920235.6097177723	37641	51.29030817329165	2239
r_pp_light_00390.fits	0	60224.63084550947	2460224.6308455095	NaN	NaN	0	1.614493	NaN	-10.4	40	NaN	NaN	3736640.1118892366	35992	49.944295900178254	2244
r_pp_light_00391.fits	0	60224.631388530135	2460224.63138853	NaN	NaN	0	1.615753	NaN	-10.4	40	NaN	NaN	4502590.34487243	36012	52.41855400696864	2296
r_pp_light_00392.fits	0	60224.631932349876	2460224.63193235	NaN	NaN	0	1.617021	NaN	-10.4	40	NaN	NaN	4311690.060056544	35234	50.44993324432577	2247
r_pp_light_00393.fits	0	60224.63247627346	2460224.6324762735	NaN	NaN	0	1.618275	NaN	-10.4	40	NaN	NaN	4420452.504036591	36223	51.006079027355625	2303
r_pp_light_00394.fits	0	60224.63302039355	2460224.6330203936	NaN	NaN	0	1.619576	NaN	-10.4	40	NaN	NaN	3999751.8563130116	35728	51.52713523131673	2248
r_pp_light_00395.fits	0	60224.63356386591	2460224.633563866	NaN	NaN	0	1.620841	NaN	-10.4	40	NaN	NaN	3723485.5851087584	38648	51.952212389380534	2260
r_pp_light_00396.fits	0	60224.63410762744	2460224.6341076274	NaN	NaN	0	1.6221	NaN	-10.4	40	NaN	NaN	4075014.596143414	37468	50.540516473731074	2246
r_pp_light_00397.fits	0	60224.634651088156	2460224.634651088	NaN	NaN	0	1.623384	NaN	-10.4	40	NaN	NaN	4066774.8160496056	37095	52.12101354303189	2289
r_pp_light_00398.fits	0	60224.63519613445	2460224.6351961344	NaN	NaN	0	1.62465	NaN	-10.4	40	NaN	NaN	4043700.358648337	36026	51.084363957597176	2264
r_pp_light_00399.fits	0	60224.635739965364	2460224.6357399654	NaN	NaN	0	1.625913	NaN	-10.4	40	NaN	NaN	3794045.8509074165	38091	50.128102836879435	2256
r_pp_light_00400.fits	0	60224.63628377346	2460224.6362837735	NaN	NaN	0	1.627196	NaN	-10.4	40	NaN	NaN	3699021.093605499	36205	51.175877192982455	2280
