Label	Saturated	J.D.-2400000	JD_UTC	JD_SOBS	HJD_UTC	BJD_TDB	AIRMASS	ALT_OBJ	CCD-TEMP	EXPTIME	RAOBJ2K	DECOBJ2K	Source-Sky_T1	Peak_T1	Sky/Pixel_T1	N_Sky_Pixels_T1
r_pp_light_00001.fits	0	60212.339959004894	2460212.339959005	NaN	NaN	0	1.140293	NaN	-10.4	40	NaN	NaN	3987588.262036189	39220	26.075214341387372	2566
r_pp_light_00002.fits	0	60212.34050364606	2460212.340503646	NaN	NaN	0	1.140365	NaN	-10.4	40	NaN	NaN	4360278.607611356	39152	30.605548854041015	2487
r_pp_light_00003.fits	0	60212.34104847256	2460212.3410484726	NaN	NaN	0	1.140441	NaN	-10.4	40	NaN	NaN	5140033.904265365	37138	33.84512195121951	2460
r_pp_light_00004.fits	0	60212.34159358824	2460212.3415935882	NaN	NaN	0	1.140515	NaN	-10.3	40	NaN	NaN	4148859.916132451	40046	31.97242497972425	2466
r_pp_light_00005.fits	0	60212.34213702567	2460212.3421370257	NaN	NaN	0	1.140596	NaN	-10.4	40	NaN	NaN	3954077.772248584	44128	32.04012713547874	2517
r_pp_light_00006.fits	0	60212.34268170176	2460212.3426817018	NaN	NaN	0	1.140681	NaN	-10.4	40	NaN	NaN	3927592.6536291274	40207	30.55048076923077	2496
r_pp_light_00007.fits	0	60212.343225995544	2460212.3432259955	NaN	NaN	0	1.140761	NaN	-10.3	40	NaN	NaN	4029922.810597706	42246	32.412145748987854	2470
r_pp_light_00008.fits	0	60212.34377025487	2460212.343770255	NaN	NaN	0	1.140851	NaN	-10.4	40	NaN	NaN	3697556.1603540247	41086	31.317688130333593	2578
r_pp_light_00009.fits	0	60212.344313761685	2460212.3443137617	NaN	NaN	0	1.140942	NaN	-10.4	40	NaN	NaN	3929876.9106437787	41762	32.476133172884076	2493
r_pp_light_00010.fits	0	60212.34485905105	2460212.344859051	NaN	NaN	0	1.141035	NaN	-10.4	40	NaN	NaN	3936745.6074318164	40114	29.710607225211376	2602
r_pp_light_00011.fits	0	60212.34540467616	2460212.345404676	NaN	NaN	0	1.141129	NaN	-10.3	40	NaN	NaN	4087798.3346736785	42610	31.519983686786297	2452
r_pp_light_00012.fits	0	60212.3459489122	2460212.345948912	NaN	NaN	0	1.141227	NaN	-10.4	40	NaN	NaN	4102808.044256299	38314	31.52936507936508	2520
r_pp_light_00013.fits	0	60212.34649253497	2460212.346492535	NaN	NaN	0	1.141326	NaN	-10.4	40	NaN	NaN	4473495.620944075	39211	32.10876623376623	2464
r_pp_light_00014.fits	0	60212.34703674773	2460212.3470367477	NaN	NaN	0	1.141432	NaN	-10.4	40	NaN	NaN	4477985.046906716	40810	32.45375836284927	2541
r_pp_light_00015.fits	0	60212.347580173984	2460212.347580174	NaN	NaN	0	1.141539	NaN	-10.4	40	NaN	NaN	4476382.445110225	41565	33.9553950722175	2354
r_pp_light_00016.fits	0	60212.348124896176	2460212.348124896	NaN	NaN	0	1.141645	NaN	-10.4	40	NaN	NaN	3988691.277226552	40596	32.66706586826347	2505
r_pp_light_00017.fits	0	60212.34866828704	2460212.348668287	NaN	NaN	0	1.141757	NaN	-10.4	40	NaN	NaN	4061792.7150032856	41196	32.54572025052192	2395
r_pp_light_00018.fits	0	60212.34921289375	2460212.3492128938	NaN	NaN	0	1.141871	NaN	-10.4	40	NaN	NaN	4033614.526457992	38054	32.46844660194175	2472
r_pp_light_00019.fits	0	60212.3497569561	2460212.349756956	NaN	NaN	0	1.141985	NaN	-10.4	40	NaN	NaN	4335899.639891878	42424	33.486312399355874	2484
r_pp_light_00020.fits	0	60212.350301736034	2460212.350301736	NaN	NaN	0	1.142108	NaN	-10.4	40	NaN	NaN	4154933.7221454927	41961	31.978783026421137	2498
r_pp_light_00021.fits	0	60212.35084780119	2460212.350847801	NaN	NaN	0	1.142225	NaN	-10.4	40	NaN	NaN	4342828.19458868	41279	33.0120572720422	2654
r_pp_light_00022.fits	0	60212.35139128473	2460212.3513912847	NaN	NaN	0	1.142349	NaN	-10.4	40	NaN	NaN	4311954.228239254	39247	34.42296805499394	2473
r_pp_light_00023.fits	0	60212.351935937535	2460212.3519359375	NaN	NaN	0	1.142477	NaN	-10.4	40	NaN	NaN	4202407.262070996	41197	34.513110125050424	2479
r_pp_light_00024.fits	0	60212.35248019686	2460212.352480197	NaN	NaN	0	1.142604	NaN	-10.3	40	NaN	NaN	4167415.7735101962	44070	32.99680893498205	2507
r_pp_light_00025.fits	0	60212.35302502336	2460212.3530250234	NaN	NaN	0	1.142737	NaN	-10.4	40	NaN	NaN	4134647.5773328003	41544	34.567861457913814	2483
r_pp_light_00026.fits	0	60212.35356886592	2460212.353568866	NaN	NaN	0	1.142872	NaN	-10.4	40	NaN	NaN	3855562.842878494	40472	35.88968824940048	2502
r_pp_light_00027.fits	0	60212.3541134838	2460212.354113484	NaN	NaN	0	1.143011	NaN	-10.4	40	NaN	NaN	3923350.5696064755	41958	38.08467267738142	2551
r_pp_light_00028.fits	0	60212.354657859076	2460212.354657859	NaN	NaN	0	1.143151	NaN	-10.4	40	NaN	NaN	3938608.784493985	43394	36.873459326212	2434
r_pp_light_00029.fits	0	60212.35520269675	2460212.3552026968	NaN	NaN	0	1.143295	NaN	-10.4	40	NaN	NaN	3675881.0775309145	44666	36.093355075417854	2453
r_pp_light_00030.fits	0	60212.35574660916	2460212.355746609	NaN	NaN	0	1.143438	NaN	-10.4	40	NaN	NaN	3737051.3410785254	45508	34.917665867306155	2502
r_pp_light_00031.fits	0	60212.35629313672	2460212.3562931367	NaN	NaN	0	1.14359	NaN	-10.4	40	NaN	NaN	4246819.746247072	39291	37.42354800474121	2531
r_pp_light_00033.fits	0	60212.357382535	2460212.357382535	NaN	NaN	0	1.143819	NaN	-10.3	40	NaN	NaN	4299624.729378215	41642	36.84163424124514	2570
r_pp_light_00034.fits	0	60212.35792647023	2460212.35792647	NaN	NaN	0	1.143972	NaN	-10.3	40	NaN	NaN	3963801.5279213632	39340	34.96914556962025	2528
r_pp_light_00035.fits	0	60212.358470636886	2460212.358470637	NaN	NaN	0	1.144131	NaN	-10.3	40	NaN	NaN	3984964.1195676606	40239	35.0834008097166	2470
r_pp_light_00036.fits	0	60212.35901447944	2460212.3590144794	NaN	NaN	0	1.144292	NaN	-10.4	40	NaN	NaN	4217802.478144869	39374	37.316495659037095	2534
r_pp_light_00037.fits	0	60212.35955909733	2460212.3595590973	NaN	NaN	0	1.144453	NaN	-10.3	40	NaN	NaN	4293352.451344235	38115	35.39943457189015	2476
r_pp_light_00038.fits	0	60212.360103588086	2460212.360103588	NaN	NaN	0	1.14462	NaN	-10.4	40	NaN	NaN	4531455.773373963	40702	36.3124	2500
r_pp_light_00039.fits	0	60212.36064773146	2460212.3606477315	NaN	NaN	0	1.144789	NaN	-10.4	40	NaN	NaN	4723987.205706115	40154	36.96825396825397	2520
r_pp_light_00040.fits	0	60212.36119156284	2460212.361191563	NaN	NaN	0	1.144958	NaN	-10.3	40	NaN	NaN	4257642.796580562	38626	35.907148407148405	2574
r_pp_light_00041.fits	0	60212.361737303436	2460212.3617373034	NaN	NaN	0	1.14513	NaN	-10.4	40	NaN	NaN	4697835.5243542185	40740	35.44992113564669	2536
r_pp_light_00042.fits	0	60212.36228171317	2460212.362281713	NaN	NaN	0	1.145303	NaN	-10.3	40	NaN	NaN	4060007.914592105	42203	36.955546655987185	2497
r_pp_light_00043.fits	0	60212.362826030236	2460212.3628260302	NaN	NaN	0	1.145484	NaN	-10.4	40	NaN	NaN	4048001.1328122825	42123	33.51545595054096	2588
r_pp_light_00044.fits	0	60212.36336995382	2460212.363369954	NaN	NaN	0	1.145666	NaN	-10.4	40	NaN	NaN	3932785.11256877	38795	36.522061694650525	2561
r_pp_light_00045.fits	0	60212.36391400499	2460212.363914005	NaN	NaN	0	1.145851	NaN	-10.3	40	NaN	NaN	3862652.985805499	41137	35.148134187712024	2653
r_pp_light_00046.fits	0	60212.36445733812	2460212.364457338	NaN	NaN	0	1.146035	NaN	-10.3	40	NaN	NaN	3898975.878239045	40619	35.53359375	2560
r_pp_light_00047.fits	0	60212.36500256974	2460212.3650025697	NaN	NaN	0	1.146223	NaN	-10.3	40	NaN	NaN	3890219.3056137757	43115	35.73639521420301	2591
r_pp_light_00048.fits	0	60212.365548125	2460212.365548125	NaN	NaN	0	1.146417	NaN	-10.4	40	NaN	NaN	3765501.1878205175	39502	35.58709926612592	2589
r_pp_light_00049.fits	0	60212.36609211797	2460212.366092118	NaN	NaN	0	1.146609	NaN	-10.4	40	NaN	NaN	3892007.5003402634	44051	34.366679202707786	2659
r_pp_light_00050.fits	0	60212.366636354476	2460212.3666363545	NaN	NaN	0	1.146808	NaN	-10.4	40	NaN	NaN	4128896.086521117	40054	38.404161664665864	2499
r_pp_light_00051.fits	0	60212.36718328716	2460212.367183287	NaN	NaN	0	1.147006	NaN	-10.4	40	NaN	NaN	3998469.5790390302	42363	37.34233518665608	2518
r_pp_light_00052.fits	0	60212.36772807874	2460212.3677280787	NaN	NaN	0	1.147209	NaN	-10.4	40	NaN	NaN	4033691.021613681	40499	37.608480856319474	2429
r_pp_light_00053.fits	0	60212.36827225704	2460212.368272257	NaN	NaN	0	1.147417	NaN	-10.4	40	NaN	NaN	3783274.350067737	40965	36.91844813935075	2526
r_pp_light_00054.fits	0	60212.36881563673	2460212.3688156367	NaN	NaN	0	1.147621	NaN	-10.4	40	NaN	NaN	3768365.0086651393	40996	34.29160363086233	2644
r_pp_light_00055.fits	0	60212.36936030118	2460212.369360301	NaN	NaN	0	1.147827	NaN	-10.4	40	NaN	NaN	4065612.717497496	39533	36.94195888754535	2481
r_pp_light_00056.fits	0	60212.369903703686	2460212.3699037037	NaN	NaN	0	1.148044	NaN	-10.4	40	NaN	NaN	3974776.3168857796	39353	37.163438256658594	2478
r_pp_light_00057.fits	0	60212.370447997935	2460212.370447998	NaN	NaN	0	1.148257	NaN	-10.4	40	NaN	NaN	3964474.1857544407	40118	36.518737672583825	2535
r_pp_light_00058.fits	0	60212.37099181721	2460212.370991817	NaN	NaN	0	1.148481	NaN	-10.4	40	NaN	NaN	3920179.5165409967	41081	36.897621926642486	2481
r_pp_light_00059.fits	0	60212.37153650494	2460212.371536505	NaN	NaN	0	1.148699	NaN	-10.4	40	NaN	NaN	3828240.603547261	40342	37.22173566878981	2512
r_pp_light_00060.fits	0	60212.37208096078	2460212.372080961	NaN	NaN	0	1.14892	NaN	-10.4	40	NaN	NaN	3987999.726330734	41121	35.3068783068783	2646
r_pp_light_00061.fits	0	60212.37262643548	2460212.3726264355	NaN	NaN	0	1.149149	NaN	-10.3	40	NaN	NaN	4005429.874000412	39648	36.871163166397416	2476
r_pp_light_00062.fits	0	60212.37317118049	2460212.3731711805	NaN	NaN	0	1.149376	NaN	-10.4	40	NaN	NaN	3839847.730190123	42840	36.11926605504587	2398
r_pp_light_00063.fits	0	60212.373715347145	2460212.373715347	NaN	NaN	0	1.149604	NaN	-10.4	40	NaN	NaN	3878740.153264877	38051	36.826900119379225	2513
r_pp_light_00064.fits	0	60212.37425919017	2460212.37425919	NaN	NaN	0	1.149841	NaN	-10.4	40	NaN	NaN	3809169.482016007	43740	36.01402640264026	2424
r_pp_light_00065.fits	0	60212.374803356826	2460212.374803357	NaN	NaN	0	1.150075	NaN	-10.4	40	NaN	NaN	3921494.615344395	41178	34.39328063241107	2530
r_pp_light_00066.fits	0	60212.375346770976	2460212.375346771	NaN	NaN	0	1.150311	NaN	-10.3	40	NaN	NaN	3643135.2179057635	41530	35.04850157728707	2536
r_pp_light_00067.fits	0	60212.37589155091	2460212.375891551	NaN	NaN	0	1.150556	NaN	-10.3	40	NaN	NaN	3491158.7474389197	44010	35.55992063492064	2520
r_pp_light_00068.fits	0	60212.376435486134	2460212.376435486	NaN	NaN	0	1.150798	NaN	-10.4	40	NaN	NaN	3629924.957716957	43386	35.549284578696344	2516
r_pp_light_00069.fits	0	60212.37697968772	2460212.3769796877	NaN	NaN	0	1.151042	NaN	-10.4	40	NaN	NaN	3515090.641447714	42544	35.82095709570957	2424
r_pp_light_00070.fits	0	60212.37752349535	2460212.3775234954	NaN	NaN	0	1.151294	NaN	-10.4	40	NaN	NaN	3652514.9956395207	42900	36.505695687550855	2458
r_pp_light_00071.fits	0	60212.3780691782	2460212.378069178	NaN	NaN	0	1.151545	NaN	-10.4	40	NaN	NaN	3796304.8428433747	39989	35.6016713091922	2513
r_pp_light_00072.fits	0	60212.37861340307	2460212.378613403	NaN	NaN	0	1.151797	NaN	-10.4	40	NaN	NaN	3664837.944226082	41896	36.845115170770455	2518
r_pp_light_00073.fits	0	60212.379157615826	2460212.379157616	NaN	NaN	0	1.152061	NaN	-10.4	40	NaN	NaN	3585082.181468815	39381	37.97523961661342	2504
r_pp_light_00074.fits	0	60212.37970278971	2460212.3797027897	NaN	NaN	0	1.152316	NaN	-10.4	40	NaN	NaN	3910098.640831207	40082	37.35394371779628	2523
r_pp_light_00075.fits	0	60212.380247095134	2460212.380247095	NaN	NaN	0	1.152577	NaN	-10.4	40	NaN	NaN	3673647.928359674	39693	36.0841046277666	2485
r_pp_light_00076.fits	0	60212.3807914583	2460212.3807914583	NaN	NaN	0	1.152848	NaN	-10.4	40	NaN	NaN	3744506.7105912636	43916	35.475416182733255	2583
r_pp_light_00077.fits	0	60212.38133644685	2460212.381336447	NaN	NaN	0	1.153114	NaN	-10.4	40	NaN	NaN	3823819.588809768	41284	35.394541910331384	2565
r_pp_light_00078.fits	0	60212.38188128499	2460212.381881285	NaN	NaN	0	1.153383	NaN	-10.4	40	NaN	NaN	4025329.684686585	41502	37.44859071059945	2519
r_pp_light_00079.fits	0	60212.3824246414	2460212.3824246414	NaN	NaN	0	1.153659	NaN	-10.4	40	NaN	NaN	3796750.569551293	39220	35.93640897755611	2406
r_pp_light_00080.fits	0	60212.382969421335	2460212.3829694213	NaN	NaN	0	1.153933	NaN	-10.4	40	NaN	NaN	3830146.827680991	42478	38.00551615445232	2538
r_pp_light_00081.fits	0	60212.3835150348	2460212.383515035	NaN	NaN	0	1.154212	NaN	-10.4	40	NaN	NaN	4066432.76738412	41554	35.93633107839236	2513
r_pp_light_00082.fits	0	60212.38405979192	2460212.384059792	NaN	NaN	0	1.154488	NaN	-10.4	40	NaN	NaN	3873448.0252353866	40400	36.86431962025316	2528
r_pp_light_00083.fits	0	60212.38460364612	2460212.384603646	NaN	NaN	0	1.154776	NaN	-10.4	40	NaN	NaN	3873071.5774144973	39494	36.95801679328269	2501
r_pp_light_00084.fits	0	60212.385147997644	2460212.3851479976	NaN	NaN	0	1.15506	NaN	-10.4	40	NaN	NaN	3840613.0010774927	39535	37.38322884012539	2552
r_pp_light_00085.fits	0	60212.38569141226	2460212.3856914123	NaN	NaN	0	1.155346	NaN	-10.4	40	NaN	NaN	3947563.2036732035	37365	37.960443037974684	2528
r_pp_light_00086.fits	0	60212.386235717684	2460212.3862357177	NaN	NaN	0	1.155641	NaN	-10.4	40	NaN	NaN	4211286.231876958	39324	37.55297880847661	2501
r_pp_light_00087.fits	0	60212.38677902799	2460212.386779028	NaN	NaN	0	1.155936	NaN	-10.3	40	NaN	NaN	3947689.7541275974	40320	39.331491712707184	2534
r_pp_light_00088.fits	0	60212.387324051	2460212.387324051	NaN	NaN	0	1.156228	NaN	-10.3	40	NaN	NaN	4151867.6102904105	36781	37.191395255327706	2487
r_pp_light_00089.fits	0	60212.38786886586	2460212.387868866	NaN	NaN	0	1.156525	NaN	-10.3	40	NaN	NaN	4102676.7216792684	39119	37.03060413354531	2516
r_pp_light_00090.fits	0	60212.38841354195	2460212.388413542	NaN	NaN	0	1.156832	NaN	-10.3	40	NaN	NaN	3879549.9056883533	38674	37.37864823348694	2604
r_pp_light_00091.fits	0	60212.38895914378	2460212.388959144	NaN	NaN	0	1.157135	NaN	-10.4	40	NaN	NaN	4026635.9208197896	41050	36.59472233162663	2539
r_pp_light_00092.fits	0	60212.38950371556	2460212.3895037156	NaN	NaN	0	1.15744	NaN	-10.4	40	NaN	NaN	4186281.156828781	39178	35.69638826185101	2658
r_pp_light_00093.fits	0	60212.39004715299	2460212.390047153	NaN	NaN	0	1.157757	NaN	-10.4	40	NaN	NaN	4664372.878598909	38583	38.08727984344423	2555
r_pp_light_00094.fits	0	60212.39059186354	2460212.3905918635	NaN	NaN	0	1.158065	NaN	-10.4	40	NaN	NaN	3924201.522085479	40145	38.38707102952913	2506
r_pp_light_00095.fits	0	60212.39113527769	2460212.3911352777	NaN	NaN	0	1.158377	NaN	-10.4	40	NaN	NaN	3787292.0257111173	39302	39.037712895377126	2466
r_pp_light_00096.fits	0	60212.39167954866	2460212.3916795487	NaN	NaN	0	1.158693	NaN	-10.4	40	NaN	NaN	4306490.710808899	42181	38.752304609218434	2495
r_pp_light_00097.fits	0	60212.392222847324	2460212.3922228473	NaN	NaN	0	1.159017	NaN	-10.4	40	NaN	NaN	4166464.12849887	40209	38.35352730171383	2509
r_pp_light_00099.fits	0	60212.393311447	2460212.393311447	NaN	NaN	0	1.159662	NaN	-10.4	40	NaN	NaN	4289150.070008857	40290	39.047795632468066	2427
r_pp_light_00100.fits	0	60212.39385635452	2460212.3938563545	NaN	NaN	0	1.159994	NaN	-10.4	40	NaN	NaN	4937133.061218043	39360	39.07455429497569	2468
r_pp_light_00101.fits	0	60212.39440170163	2460212.3944017016	NaN	NaN	0	1.160328	NaN	-10.4	40	NaN	NaN	5143508.803776112	37476	38.10117361392149	2471
r_pp_light_00102.fits	0	60212.39494644711	2460212.394946447	NaN	NaN	0	1.160659	NaN	-10.4	40	NaN	NaN	4344502.7798134545	39486	38.496768982229405	2476
r_pp_light_00103.fits	0	60212.39549070597	2460212.395490706	NaN	NaN	0	1.160991	NaN	-10.4	40	NaN	NaN	4182900.0749717904	38974	36.818292189397006	2471
r_pp_light_00104.fits	0	60212.39603538206	2460212.396035382	NaN	NaN	0	1.161325	NaN	-10.4	40	NaN	NaN	4546464.264947262	37449	36.90871878837495	2443
r_pp_light_00105.fits	0	60212.396579224616	2460212.3965792246	NaN	NaN	0	1.161674	NaN	-10.4	40	NaN	NaN	4252912.765483342	39927	35.951651893634164	2482
r_pp_light_00106.fits	0	60212.397123391274	2460212.3971233913	NaN	NaN	0	1.162013	NaN	-10.4	40	NaN	NaN	4237034.201977755	40507	38.06125760649087	2465
r_pp_light_00107.fits	0	60212.39766716445	2460212.3976671644	NaN	NaN	0	1.16236	NaN	-10.4	40	NaN	NaN	4016232.491480166	40277	38.36454581832733	2499
r_pp_light_00108.fits	0	60212.398211597465	2460212.3982115975	NaN	NaN	0	1.162708	NaN	-10.4	40	NaN	NaN	4028555.9750989075	37944	37.470588235294116	2482
r_pp_light_00109.fits	0	60212.398755821865	2460212.398755822	NaN	NaN	0	1.163055	NaN	-10.4	40	NaN	NaN	4046594.2264092383	40923	39.12038913660316	2467
r_pp_light_00110.fits	0	60212.399300196674	2460212.3993001967	NaN	NaN	0	1.163418	NaN	-10.4	40	NaN	NaN	3831602.914894256	39473	36.55651459103987	2433
r_pp_light_00111.fits	0	60212.39984582178	2460212.399845822	NaN	NaN	0	1.163771	NaN	-10.4	40	NaN	NaN	3968987.7318065665	39841	37.965702479338844	2420
r_pp_light_00112.fits	0	60212.400389213115	2460212.400389213	NaN	NaN	0	1.164134	NaN	-10.4	40	NaN	NaN	4987544.900177806	39191	38.77589764754437	2423
r_pp_light_00113.fits	0	60212.40093400469	2460212.4009340047	NaN	NaN	0	1.164492	NaN	-10.4	40	NaN	NaN	5083771.454172238	39911	40.350370659383536	2563
r_pp_light_00114.fits	0	60212.401478414424	2460212.4014784144	NaN	NaN	0	1.164863	NaN	-10.4	40	NaN	NaN	4655502.1425012	35275	38.45713107996703	2426
r_pp_light_00115.fits	0	60212.40202261601	2460212.402022616	NaN	NaN	0	1.165227	NaN	-10.4	40	NaN	NaN	4768426.840845566	37616	38.02885375494071	2530
r_pp_light_00116.fits	0	60212.40256697917	2460212.402566979	NaN	NaN	0	1.165598	NaN	-10.4	40	NaN	NaN	4772598.321848749	40151	36.92320396366639	2422
r_pp_light_00117.fits	0	60212.40311113419	2460212.403111134	NaN	NaN	0	1.165969	NaN	-10.4	40	NaN	NaN	3727877.7370695635	40561	37.0957361222848	2486
r_pp_light_00118.fits	0	60212.40365498839	2460212.4036549884	NaN	NaN	0	1.16634	NaN	-10.4	40	NaN	NaN	4210563.175675933	39883	40.12614042046807	2521
r_pp_light_00119.fits	0	60212.40419934038	2460212.4041993404	NaN	NaN	0	1.166713	NaN	-10.4	40	NaN	NaN	3645939.9255468976	38428	37.94685200327065	2446
r_pp_light_00120.fits	0	60212.40474354196	2460212.404743542	NaN	NaN	0	1.167106	NaN	-10.3	40	NaN	NaN	4987937.504569686	32764	40.89142857142857	2275
r_pp_light_00121.fits	0	60212.405289074406	2460212.4052890744	NaN	NaN	0	1.167488	NaN	-10.4	40	NaN	NaN	4463194.90569958	40898	40.16981907894737	2432
r_pp_light_00122.fits	0	60212.405834455974	2460212.405834456	NaN	NaN	0	1.167874	NaN	-10.4	40	NaN	NaN	3737669.257543029	42101	38.913197172034565	2546
r_pp_light_00123.fits	0	60212.40637781285	2460212.406377813	NaN	NaN	0	1.16826	NaN	-10.4	40	NaN	NaN	5066557.673086893	39074	38.071020408163264	2450
r_pp_light_00124.fits	0	60212.40692210663	2460212.4069221066	NaN	NaN	0	1.168655	NaN	-10.4	40	NaN	NaN	4031283.5933077466	39664	38.94065757818765	2494
r_pp_light_00125.fits	0	60212.407465393655	2460212.4074653937	NaN	NaN	0	1.16905	NaN	-10.4	40	NaN	NaN	5399348.888291875	36448	41.44878437624551	2509
r_pp_light_00126.fits	0	60212.40801006975	2460212.4080100697	NaN	NaN	0	1.169442	NaN	-10.4	40	NaN	NaN	4401607.682022986	38855	37.1047227926078	2435
r_pp_light_00127.fits	0	60212.40855393512	2460212.408553935	NaN	NaN	0	1.169832	NaN	-10.3	40	NaN	NaN	5638873.547973514	33962	40.5579797979798	2475
r_pp_light_00128.fits	0	60212.40909817163	2460212.4090981716	NaN	NaN	0	1.170237	NaN	-10.3	40	NaN	NaN	4652861.73353209	35065	39.62301101591187	2451
r_pp_light_00130.fits	0	60212.410185902845	2460212.410185903	NaN	NaN	0	1.171054	NaN	-10.4	40	NaN	NaN	4648771.896904541	42541	40.55369261477046	2505
r_pp_light_00131.fits	0	60212.41073196754	2460212.4107319675	NaN	NaN	0	1.171461	NaN	-10.4	40	NaN	NaN	4144669.2595335417	37518	40.299631600491196	2443
r_pp_light_00132.fits	0	60212.411276076455	2460212.4112760765	NaN	NaN	0	1.171874	NaN	-10.4	40	NaN	NaN	4069309.8548932886	32877	42.19301934398654	2378
r_pp_light_00133.fits	0	60212.41182150459	2460212.4118215046	NaN	NaN	0	1.172289	NaN	-10.4	40	NaN	NaN	4513617.676913619	37745	40.9397046759639	2438
r_pp_light_00134.fits	0	60212.412364930846	2460212.412364931	NaN	NaN	0	1.172711	NaN	-10.4	40	NaN	NaN	3811966.4484735816	39325	39.07976734524304	2407
r_pp_light_00135.fits	0	60212.412909097504	2460212.4129090975	NaN	NaN	0	1.17313	NaN	-10.4	40	NaN	NaN	3805082.213448201	41320	40.50242914979757	2470
r_pp_light_00136.fits	0	60212.41345331026	2460212.4134533103	NaN	NaN	0	1.173551	NaN	-10.4	40	NaN	NaN	3560292.7329042996	40399	40.527119325030135	2489
r_pp_light_00137.fits	0	60212.41399760451	2460212.4139976045	NaN	NaN	0	1.173975	NaN	-10.4	40	NaN	NaN	3748229.3725853497	39258	40.609874544718735	2471
r_pp_light_00138.fits	0	60212.41454224568	2460212.4145422457	NaN	NaN	0	1.174403	NaN	-10.4	40	NaN	NaN	4018039.9663442	39363	39.78542178542178	2442
r_pp_light_00139.fits	0	60212.415086505	2460212.415086505	NaN	NaN	0	1.17483	NaN	-10.4	40	NaN	NaN	4124195.5692547136	40665	41.051772202309834	2511
r_pp_light_00140.fits	0	60212.41563000018	2460212.41563	NaN	NaN	0	1.175261	NaN	-10.4	40	NaN	NaN	3907807.8946178323	41992	41.4788338658147	2504
r_pp_light_00141.fits	0	60212.41617619246	2460212.4161761925	NaN	NaN	0	1.175707	NaN	-10.3	40	NaN	NaN	4686590.615284207	41206	41.37574316290131	2523
r_pp_light_00142.fits	0	60212.41672090301	2460212.416720903	NaN	NaN	0	1.176145	NaN	-10.4	40	NaN	NaN	3926122.717773763	39318	40.00921105326392	2497
r_pp_light_00146.fits	0	60212.41889895825	2460212.4188989582	NaN	NaN	0	1.177922	NaN	-10.4	40	NaN	NaN	4652155.802628038	38696	39.98008298755187	2410
r_pp_light_00147.fits	0	60212.41944332188	2460212.419443322	NaN	NaN	0	1.178373	NaN	-10.4	40	NaN	NaN	4000740.2048611194	43867	40.30919446704638	2458
r_pp_light_00148.fits	0	60212.41998716444	2460212.4199871644	NaN	NaN	0	1.178826	NaN	-10.4	40	NaN	NaN	4367633.689072018	35584	40.414653784219	2484
r_pp_light_00151.fits	0	60212.42162216455	2460212.4216221645	NaN	NaN	0	1.180214	NaN	-10.4	40	NaN	NaN	4815404.170022035	42087	41.77467637540453	2472
r_pp_light_00152.fits	0	60212.42216645833	2460212.4221664583	NaN	NaN	0	1.180676	NaN	-10.4	40	NaN	NaN	3815831.4919241355	41159	41.04556962025316	2370
r_pp_light_00153.fits	0	60212.42271079868	2460212.4227107987	NaN	NaN	0	1.181143	NaN	-10.4	40	NaN	NaN	3789042.1621087985	44238	40.873514431239386	2356
r_pp_light_00154.fits	0	60212.423254247755	2460212.4232542478	NaN	NaN	0	1.181609	NaN	-10.4	40	NaN	NaN	4274793.370025399	39782	42.91253051261188	2458
r_pp_light_00155.fits	0	60212.42379890056	2460212.4237989006	NaN	NaN	0	1.182082	NaN	-10.3	40	NaN	NaN	4514473.896149935	39309	41.60383516931864	2451
r_pp_light_00156.fits	0	60212.42434284743	2460212.4243428474	NaN	NaN	0	1.182552	NaN	-10.4	40	NaN	NaN	4523761.069133725	33056	41.79468302658487	2445
r_pp_light_00157.fits	0	60212.424887326546	2460212.4248873265	NaN	NaN	0	1.183034	NaN	-10.4	40	NaN	NaN	4385051.782661958	43832	41.913025724785626	2449
r_pp_light_00158.fits	0	60212.425431053154	2460212.425431053	NaN	NaN	0	1.183514	NaN	-10.4	40	NaN	NaN	3743063.5385539536	40802	43.03866290777285	2483
r_pp_light_00159.fits	0	60212.425975393504	2460212.4259753935	NaN	NaN	0	1.184005	NaN	-10.4	40	NaN	NaN	3789087.729322202	41363	41.00456810631229	2408
r_pp_light_00160.fits	0	60212.42651965283	2460212.426519653	NaN	NaN	0	1.18449	NaN	-10.4	40	NaN	NaN	3903668.4895591973	40455	42.157722244981564	2441
r_pp_light_00161.fits	0	60212.4270661925	2460212.4270661925	NaN	NaN	0	1.184978	NaN	-10.4	40	NaN	NaN	3863144.2773144622	44675	43.00400480576692	2497
r_pp_light_00162.fits	0	60212.42760986136	2460212.4276098614	NaN	NaN	0	1.185468	NaN	-10.4	40	NaN	NaN	3656025.2430592263	45606	41.496945010183296	2455
r_pp_light_00163.fits	0	60212.428154467605	2460212.4281544676	NaN	NaN	0	1.185962	NaN	-10.4	40	NaN	NaN	3801971.5323133394	45029	40.98766447368421	2432
r_pp_light_00164.fits	0	60212.428697801195	2460212.428697801	NaN	NaN	0	1.186458	NaN	-10.4	40	NaN	NaN	4014485.877418837	42584	42.22712680577849	2492
r_pp_light_00165.fits	0	60212.42924221093	2460212.429242211	NaN	NaN	0	1.186957	NaN	-10.4	40	NaN	NaN	3969736.8827645	41501	43.99121054734319	2503
r_pp_light_00166.fits	0	60212.42978651635	2460212.4297865164	NaN	NaN	0	1.18746	NaN	-10.4	40	NaN	NaN	4326664.935874028	42279	44.656048387096774	2480
r_pp_light_00167.fits	0	60212.43033072911	2460212.430330729	NaN	NaN	0	1.187962	NaN	-10.4	40	NaN	NaN	3921071.4370153337	40183	43.82528641571195	2444
r_pp_light_00168.fits	0	60212.43087531254	2460212.4308753125	NaN	NaN	0	1.188472	NaN	-10.4	40	NaN	NaN	3837327.1440150295	41127	43.98607698607699	2442
r_pp_light_00169.fits	0	60212.43142062519	2460212.431420625	NaN	NaN	0	1.18898	NaN	-10.4	40	NaN	NaN	3696103.5987395444	41449	42.451309328968904	2444
r_pp_light_00170.fits	0	60212.43196390057	2460212.4319639006	NaN	NaN	0	1.189491	NaN	-10.4	40	NaN	NaN	4651293.314567887	40438	43.40478087649402	2510
r_pp_light_00171.fits	0	60212.43251039367	2460212.4325103937	NaN	NaN	0	1.190017	NaN	-10.4	40	NaN	NaN	3950091.309503861	38003	43.37956204379562	2466
r_pp_light_00172.fits	0	60212.43305526627	2460212.4330552663	NaN	NaN	0	1.190536	NaN	-10.4	40	NaN	NaN	3812790.599788046	42646	43.07256420709336	2453
r_pp_light_00173.fits	0	60212.43360070605	2460212.433600706	NaN	NaN	0	1.191056	NaN	-10.4	40	NaN	NaN	4084144.7753495956	39842	41.88649940262844	2511
r_pp_light_00174.fits	0	60212.434145023115	2460212.434145023	NaN	NaN	0	1.191579	NaN	-10.4	40	NaN	NaN	4180766.5259101912	40519	42.07278882776132	2363
r_pp_light_00175.fits	0	60212.434689641465	2460212.4346896415	NaN	NaN	0	1.192103	NaN	-10.4	40	NaN	NaN	3968134.5295284903	42343	42.580828594638504	2462
r_pp_light_00176.fits	0	60212.435233217664	2460212.4352332177	NaN	NaN	0	1.192631	NaN	-10.4	40	NaN	NaN	4251352.421575736	46450	42.983579638752055	2436
r_pp_light_00177.fits	0	60212.43577802088	2460212.435778021	NaN	NaN	0	1.19316	NaN	-10.4	40	NaN	NaN	4282601.764996588	40806	44.39708855640922	2473
r_pp_light_00178.fits	0	60212.436322234105	2460212.436322234	NaN	NaN	0	1.193694	NaN	-10.4	40	NaN	NaN	3983236.0694924844	41655	42.34547638110488	2498
r_pp_light_00179.fits	0	60212.436865602154	2460212.436865602	NaN	NaN	0	1.194229	NaN	-10.4	40	NaN	NaN	4482103.931538463	39239	44.912123677786816	2458
r_pp_light_00180.fits	0	60212.43740949081	2460212.437409491	NaN	NaN	0	1.194768	NaN	-10.3	40	NaN	NaN	3769265.7137610028	38857	43.130962004850446	2474
r_pp_light_00181.fits	0	60212.43795519695	2460212.437955197	NaN	NaN	0	1.195309	NaN	-10.4	40	NaN	NaN	3949175.633333627	41994	43.083539094650206	2430
r_pp_light_00182.fits	0	60212.438499560114	2460212.43849956	NaN	NaN	0	1.195853	NaN	-10.4	40	NaN	NaN	4063983.872376947	45367	44.058268362741074	2437
r_pp_light_00183.fits	0	60212.43904351862	2460212.4390435186	NaN	NaN	0	1.1964	NaN	-10.4	40	NaN	NaN	3868385.5074189445	46895	42.075794621026894	2454
r_pp_light_00184.fits	0	60212.43958784733	2460212.4395878473	NaN	NaN	0	1.196947	NaN	-10.4	40	NaN	NaN	4362465.874973178	38303	43.91537544696067	2517
r_pp_light_00185.fits	0	60212.44013122702	2460212.440131227	NaN	NaN	0	1.197499	NaN	-10.4	40	NaN	NaN	4157057.613713684	45969	42.826768488745984	2488
r_pp_light_00186.fits	0	60212.44067604188	2460212.440676042	NaN	NaN	0	1.198055	NaN	-10.4	40	NaN	NaN	4089707.1783597465	40175	45.07444267515923	2512
r_pp_light_00187.fits	0	60212.44122076407	2460212.441220764	NaN	NaN	0	1.198613	NaN	-10.4	40	NaN	NaN	4031768.5398940565	44390	44.45522698875469	2401
r_pp_light_00188.fits	0	60212.44176568324	2460212.4417656832	NaN	NaN	0	1.199174	NaN	-10.4	40	NaN	NaN	4183728.789245888	42317	43.509039775010045	2489
r_pp_light_00189.fits	0	60212.442310208455	2460212.4423102085	NaN	NaN	0	1.199737	NaN	-10.4	40	NaN	NaN	4220200.240215194	44766	43.997564935064936	2464
r_pp_light_00190.fits	0	60212.4428554629	2460212.442855463	NaN	NaN	0	1.200302	NaN	-10.4	40	NaN	NaN	3923836.9713583253	43681	44.51441152922338	2498
r_pp_light_00191.fits	0	60212.44340179395	2460212.443401794	NaN	NaN	0	1.200873	NaN	-10.4	40	NaN	NaN	4468440.728113802	38732	46.30048661800487	2466
r_pp_light_00192.fits	0	60212.44394599553	2460212.4439459955	NaN	NaN	0	1.201446	NaN	-10.4	40	NaN	NaN	4007436.6385975513	41956	44.02943548387097	2480
r_pp_light_00193.fits	0	60212.444489757065	2460212.444489757	NaN	NaN	0	1.202017	NaN	-10.4	40	NaN	NaN	3996591.086637316	40205	45.07780040733198	2455
r_pp_light_00194.fits	0	60212.44503451418	2460212.445034514	NaN	NaN	0	1.202594	NaN	-10.4	40	NaN	NaN	4160766.2702998063	42507	46.06845476381105	2498
r_pp_light_00195.fits	0	60212.445578321815	2460212.445578322	NaN	NaN	0	1.203173	NaN	-10.4	40	NaN	NaN	4061883.5073703527	40852	43.081829121540316	2493
r_pp_light_00196.fits	0	60212.4461234957	2460212.4461234957	NaN	NaN	0	1.203753	NaN	-10.4	40	NaN	NaN	3962569.137404416	38311	43.15303215303215	2457
r_pp_light_00197.fits	0	60212.44666790543	2460212.4466679054	NaN	NaN	0	1.204338	NaN	-10.3	40	NaN	NaN	4004900.972661899	39413	45.70848861283644	2415
r_pp_light_00198.fits	0	60212.44721269701	2460212.447212697	NaN	NaN	0	1.204926	NaN	-10.4	40	NaN	NaN	3837206.758714562	42062	45.561698717948715	2496
r_pp_light_00199.fits	0	60212.44775682874	2460212.4477568287	NaN	NaN	0	1.205516	NaN	-10.4	40	NaN	NaN	4106888.4449541853	43710	44.664332784184516	2428
r_pp_light_00200.fits	0	60212.44830150483	2460212.448301505	NaN	NaN	0	1.206109	NaN	-10.4	40	NaN	NaN	4326676.119106044	40022	44.09287796751354	2401
r_pp_light_00201.fits	0	60212.44884702563	2460212.4488470256	NaN	NaN	0	1.206705	NaN	-10.4	40	NaN	NaN	4145771.543977219	42130	44.767393989296004	2429
r_pp_light_00202.fits	0	60212.44939130824	2460212.4493913082	NaN	NaN	0	1.207301	NaN	-10.4	40	NaN	NaN	4284876.22284108	43258	44.69610598153352	2491
r_pp_light_00203.fits	0	60212.44993633125	2460212.4499363312	NaN	NaN	0	1.207903	NaN	-10.4	40	NaN	NaN	3870841.6721626474	43263	45.89434585224928	2423
r_pp_light_00204.fits	0	60212.4504807177	2460212.4504807177	NaN	NaN	0	1.208504	NaN	-10.4	40	NaN	NaN	3853281.5842849836	42018	46.0920245398773	2445
r_pp_light_00205.fits	0	60212.45102475723	2460212.451024757	NaN	NaN	0	1.209112	NaN	-10.4	40	NaN	NaN	3913951.9913130463	45810	44.54679802955665	2436
r_pp_light_00206.fits	0	60212.45156956045	2460212.4515695604	NaN	NaN	0	1.209719	NaN	-10.4	40	NaN	NaN	3506493.6537815444	49206	45.54726976365118	2454
r_pp_light_00207.fits	0	60212.45211424772	2460212.4521142477	NaN	NaN	0	1.210331	NaN	-10.4	40	NaN	NaN	3884775.387129771	42751	46.905538857878916	2329
r_pp_light_00208.fits	0	60212.45265920134	2460212.4526592013	NaN	NaN	0	1.210946	NaN	-10.4	40	NaN	NaN	4018274.6772410558	45966	43.9235221165771	2419
r_pp_light_00209.fits	0	60212.4532040162	2460212.453204016	NaN	NaN	0	1.211563	NaN	-10.4	40	NaN	NaN	3822030.1751120943	44678	44.913061224489795	2450
r_pp_light_00210.fits	0	60212.45374832209	2460212.453748322	NaN	NaN	0	1.212183	NaN	-10.4	40	NaN	NaN	3785499.679798646	47722	44.62726906010488	2479
r_pp_light_00211.fits	0	60212.454295034986	2460212.454295035	NaN	NaN	0	1.212808	NaN	-10.4	40	NaN	NaN	3940709.8535329886	43702	45.93024210094379	2437
r_pp_light_00212.fits	0	60212.45483880816	2460212.454838808	NaN	NaN	0	1.21343	NaN	-10.4	40	NaN	NaN	3633377.790891087	46423	44.68955709061357	2461
r_pp_light_00213.fits	0	60212.455383437686	2460212.4553834377	NaN	NaN	0	1.214058	NaN	-10.4	40	NaN	NaN	3895298.4843770866	44096	44.23570547099959	2431
r_pp_light_00214.fits	0	60212.455928252544	2460212.4559282525	NaN	NaN	0	1.214689	NaN	-10.4	40	NaN	NaN	3965729.218974288	42109	44.57557189542484	2448
r_pp_light_00215.fits	0	60212.4564720951	2460212.456472095	NaN	NaN	0	1.215322	NaN	-10.4	40	NaN	NaN	3902052.851483248	42737	43.51056051990252	2462
r_pp_light_00216.fits	0	60212.45701607643	2460212.4570160764	NaN	NaN	0	1.215955	NaN	-10.3	40	NaN	NaN	3935591.1250087405	42068	44.56373140329715	2487
r_pp_light_00217.fits	0	60212.45756093785	2460212.457560938	NaN	NaN	0	1.216595	NaN	-10.4	40	NaN	NaN	4525951.84561527	38934	45.33087633087633	2442
r_pp_light_00218.fits	0	60212.45810528938	2460212.4581052894	NaN	NaN	0	1.217235	NaN	-10.4	40	NaN	NaN	4223553.608625598	42192	45.107679804957336	2461
r_pp_light_00219.fits	0	60212.45864956034	2460212.4586495603	NaN	NaN	0	1.217878	NaN	-10.4	40	NaN	NaN	4314188.92023898	40389	45.107317073170734	2460
r_pp_light_00220.fits	0	60212.45919288229	2460212.4591928823	NaN	NaN	0	1.218522	NaN	-10.4	40	NaN	NaN	4086903.3006521044	40656	43.985154639175256	2425
r_pp_light_00221.fits	0	60212.4597392939	2460212.459739294	NaN	NaN	0	1.219173	NaN	-10.4	40	NaN	NaN	4284499.500018823	38444	43.88713692946058	2410
r_pp_light_00222.fits	0	60212.4602827318	2460212.460282732	NaN	NaN	0	1.219822	NaN	-10.4	40	NaN	NaN	4344355.111924881	38450	46.20811570912013	2489
r_pp_light_00223.fits	0	60212.460827141535	2460212.4608271415	NaN	NaN	0	1.220477	NaN	-10.4	40	NaN	NaN	4314667.109753349	38452	46.063980058163686	2407
r_pp_light_00224.fits	0	60212.461370925885	2460212.461370926	NaN	NaN	0	1.221119	NaN	-10.4	40	NaN	NaN	4451569.324164693	39192	45.408496732026144	2448
r_pp_light_00225.fits	0	60212.461915544234	2460212.4619155442	NaN	NaN	0	1.221793	NaN	-10.4	40	NaN	NaN	4767746.288676717	40143	46.14308489438023	2509
r_pp_light_00227.fits	0	60212.46300377324	2460212.4630037732	NaN	NaN	0	1.223106	NaN	-10.4	40	NaN	NaN	4906361.312163827	39291	46.62407862407862	2442
r_pp_light_00228.fits	0	60212.46354790544	2460212.4635479054	NaN	NaN	0	1.223772	NaN	-10.4	40	NaN	NaN	4986574.430247453	36666	46.85737439222042	2468
r_pp_light_00229.fits	0	60212.46409121528	2460212.4640912153	NaN	NaN	0	1.224443	NaN	-10.4	40	NaN	NaN	4790864.955785457	37869	47.08490566037736	2438
r_pp_light_00230.fits	0	60212.46463599568	2460212.4646359957	NaN	NaN	0	1.225115	NaN	-10.4	40	NaN	NaN	4753003.255147715	37018	45.956053067993366	2412
r_pp_light_00231.fits	0	60212.46518143546	2460212.4651814355	NaN	NaN	0	1.225792	NaN	-10.4	40	NaN	NaN	4712764.707098582	37533	47.26845093268451	2466
r_pp_light_00232.fits	0	60212.465726273134	2460212.465726273	NaN	NaN	0	1.22647	NaN	-10.4	40	NaN	NaN	4760923.681339723	37366	46.057190219643594	2413
r_pp_light_00233.fits	0	60212.4662698498	2460212.46626985	NaN	NaN	0	1.227152	NaN	-10.4	40	NaN	NaN	4679219.708779294	39752	44.818737270875765	2455
r_pp_light_00234.fits	0	60212.46681428235	2460212.4668142824	NaN	NaN	0	1.227834	NaN	-10.4	40	NaN	NaN	5200225.806414943	36192	44.81773600326931	2447
r_pp_light_00235.fits	0	60212.46735846065	2460212.4673584606	NaN	NaN	0	1.228504	NaN	-10.4	40	NaN	NaN	4921261.932574877	37823	46.56129807692308	2496
r_pp_light_00236.fits	0	60212.467902801	2460212.467902801	NaN	NaN	0	1.229194	NaN	-10.4	40	NaN	NaN	5712348.945135814	38295	47.44649446494465	2439
r_pp_light_00237.fits	0	60212.4684473034	2460212.4684473034	NaN	NaN	0	1.229886	NaN	-10.4	40	NaN	NaN	5354755.385371112	38151	48.531665994352565	2479
r_pp_light_00238.fits	0	60212.468991088215	2460212.468991088	NaN	NaN	0	1.23058	NaN	-10.4	40	NaN	NaN	4857881.113082924	37786	47.32775510204082	2450
r_pp_light_00239.fits	0	60212.469535844866	2460212.469535845	NaN	NaN	0	1.231277	NaN	-10.4	40	NaN	NaN	5364484.9260579115	36748	46.46870047543582	2524
r_pp_light_00240.fits	0	60212.47007957194	2460212.470079572	NaN	NaN	0	1.231977	NaN	-10.4	40	NaN	NaN	4947199.193567493	38347	45.75752773375594	2524
r_pp_light_00241.fits	0	60212.47062603012	2460212.47062603	NaN	NaN	0	1.232682	NaN	-10.4	40	NaN	NaN	4955328.3416249035	37419	46.49854348730753	2403
r_pp_light_00242.fits	0	60212.4711693055	2460212.4711693055	NaN	NaN	0	1.233386	NaN	-10.4	40	NaN	NaN	6230277.017025014	35405	49.03612956810631	2408
r_pp_light_00243.fits	0	60212.47171358811	2460212.471713588	NaN	NaN	0	1.234092	NaN	-10.4	40	NaN	NaN	4668967.617083239	39344	46.16290322580645	2480
r_pp_light_00244.fits	0	60212.4722579862	2460212.472257986	NaN	NaN	0	1.234803	NaN	-10.4	40	NaN	NaN	4301843.759561193	40124	45.97061224489796	2450
r_pp_light_00245.fits	0	60212.472802245524	2460212.4728022455	NaN	NaN	0	1.235516	NaN	-10.4	40	NaN	NaN	5887667.786131979	38173	45.3032416906032	2437
r_pp_light_00246.fits	0	60212.473346597515	2460212.4733465975	NaN	NaN	0	1.236219	NaN	-10.4	40	NaN	NaN	5736369.00642022	39266	45.06542443064182	2415
r_pp_light_00247.fits	0	60212.473891782574	2460212.4738917826	NaN	NaN	0	1.236937	NaN	-10.4	40	NaN	NaN	4927341.247685626	39526	45.425277892136684	2429
r_pp_light_00248.fits	0	60212.474435798824	2460212.474435799	NaN	NaN	0	1.237657	NaN	-10.4	40	NaN	NaN	4745168.293246568	38784	45.56676194365047	2449
r_pp_light_00249.fits	0	60212.47498010425	2460212.4749801042	NaN	NaN	0	1.238381	NaN	-10.4	40	NaN	NaN	4239783.732320932	42776	46.02066638549135	2371
r_pp_light_00250.fits	0	60212.47552427091	2460212.475524271	NaN	NaN	0	1.239107	NaN	-10.4	40	NaN	NaN	4413633.480745724	40044	46.00489196901753	2453
r_pp_light_00251.fits	0	60212.47607076401	2460212.476070764	NaN	NaN	0	1.239839	NaN	-10.4	40	NaN	NaN	4113347.7414936856	41386	44.95706763872013	2469
r_pp_light_00252.fits	0	60212.47661563661	2460212.4766156366	NaN	NaN	0	1.240555	NaN	-10.4	40	NaN	NaN	3955409.2662464855	40871	42.91245376078915	2433
r_pp_light_00253.fits	0	60212.4771589702	2460212.47715897	NaN	NaN	0	1.241304	NaN	-10.4	40	NaN	NaN	4104628.343512479	40664	44.00167644593462	2386
r_pp_light_00254.fits	0	60212.47770350706	2460212.477703507	NaN	NaN	0	1.242025	NaN	-10.4	40	NaN	NaN	3898285.1617237628	39974	44.717443729903536	2488
r_pp_light_00255.fits	0	60212.47824822925	2460212.4782482293	NaN	NaN	0	1.242764	NaN	-10.4	40	NaN	NaN	4318531.82632431	35758	45.83250620347395	2418
r_pp_light_00256.fits	0	60212.47879158566	2460212.4787915857	NaN	NaN	0	1.243507	NaN	-10.4	40	NaN	NaN	4560807.02983292	37700	45.452202826267666	2406
r_pp_light_00257.fits	0	60212.47933636606	2460212.479336366	NaN	NaN	0	1.244252	NaN	-10.4	40	NaN	NaN	4173157.508524597	40886	45.738455079764904	2382
r_pp_light_00258.fits	0	60212.4798803241	2460212.479880324	NaN	NaN	0	1.245001	NaN	-10.4	40	NaN	NaN	3977322.80817095	40770	45.412607449856736	2443
r_pp_light_00259.fits	0	60212.48042456014	2460212.48042456	NaN	NaN	0	1.24575	NaN	-10.4	40	NaN	NaN	4088177.891194206	43468	44.54275092936803	2421
r_pp_light_00260.fits	0	60212.48096873844	2460212.4809687384	NaN	NaN	0	1.246503	NaN	-10.4	40	NaN	NaN	3834208.3145744703	43953	46.39692435577722	2406
r_pp_light_00261.fits	0	60212.481515729334	2460212.4815157293	NaN	NaN	0	1.247247	NaN	-10.4	40	NaN	NaN	4142124.736747465	40424	45.504252733900366	2469
r_pp_light_00262.fits	0	60212.48205952579	2460212.482059526	NaN	NaN	0	1.248004	NaN	-10.4	40	NaN	NaN	4072468.365502833	38606	45.500200561572406	2493
r_pp_light_00263.fits	0	60212.48260368081	2460212.482603681	NaN	NaN	0	1.248765	NaN	-10.4	40	NaN	NaN	3869483.6571269063	40949	45.095334685598374	2465
r_pp_light_00264.fits	0	60212.48314790521	2460212.483147905	NaN	NaN	0	1.249529	NaN	-10.4	40	NaN	NaN	3956491.448620873	38880	47.89559543230016	2452
r_pp_light_00265.fits	0	60212.48369252309	2460212.483692523	NaN	NaN	0	1.250296	NaN	-10.4	40	NaN	NaN	4332198.229798535	38864	43.57119136571191	2409
r_pp_light_00266.fits	0	60212.48423586832	2460212.4842358683	NaN	NaN	0	1.251064	NaN	-10.4	40	NaN	NaN	4396181.814529611	38533	46.06499382969971	2431
r_pp_light_00267.fits	0	60212.48478071764	2460212.4847807176	NaN	NaN	0	1.251819	NaN	-10.4	40	NaN	NaN	4610227.705065503	38883	45.461947626841244	2444
r_pp_light_00268.fits	0	60212.48532459512	2460212.485324595	NaN	NaN	0	1.252595	NaN	-10.4	40	NaN	NaN	4670664.9236892415	38009	46.72834008097166	2470
r_pp_light_00269.fits	0	60212.48586900486	2460212.485869005	NaN	NaN	0	1.253371	NaN	-10.4	40	NaN	NaN	4460596.75653597	37181	45.891304347826086	2484
r_pp_light_00270.fits	0	60212.48641325254	2460212.4864132525	NaN	NaN	0	1.254151	NaN	-10.4	40	NaN	NaN	4397131.637165282	38483	46.475886807493026	2509
r_pp_light_00271.fits	0	60212.486960173585	2460212.4869601736	NaN	NaN	0	1.254937	NaN	-10.4	40	NaN	NaN	4383666.018580756	38737	45.990057995029	2414
r_pp_light_00272.fits	0	60212.4875049307	2460212.4875049307	NaN	NaN	0	1.255723	NaN	-10.4	40	NaN	NaN	4132284.0467086593	36904	44.88156288156288	2457
r_pp_light_00273.fits	0	60212.488049236126	2460212.488049236	NaN	NaN	0	1.256495	NaN	-10.4	40	NaN	NaN	4293595.355553626	38392	44.545790554414786	2435
r_pp_light_00274.fits	0	60212.4885932873	2460212.4885932873	NaN	NaN	0	1.257285	NaN	-10.4	40	NaN	NaN	4458862.5702494355	37559	48.033870301528296	2421
r_pp_light_00275.fits	0	60212.48913798621	2460212.489137986	NaN	NaN	0	1.258078	NaN	-10.4	40	NaN	NaN	4356168.852220458	39233	46.96858425132599	2451
r_pp_light_00276.fits	0	60212.489682291634	2460212.4896822916	NaN	NaN	0	1.258874	NaN	-10.4	40	NaN	NaN	4330196.624234426	39500	47.483539094650205	2430
r_pp_light_00277.fits	0	60212.49022633117	2460212.490226331	NaN	NaN	0	1.259672	NaN	-10.5	40	NaN	NaN	4866227.611442695	36507	47.48341625207297	2412
r_pp_light_00278.fits	0	60212.49077100726	2460212.4907710073	NaN	NaN	0	1.260474	NaN	-10.4	40	NaN	NaN	4200595.012683987	40973	46.99432968813285	2469
r_pp_light_00279.fits	0	60212.491315486375	2460212.4913154864	NaN	NaN	0	1.261278	NaN	-10.4	40	NaN	NaN	4020240.7318067392	39859	45.448036006546644	2444
r_pp_light_00280.fits	0	60212.4918598379	2460212.491859838	NaN	NaN	0	1.262084	NaN	-10.4	40	NaN	NaN	4036599.603788459	38654	46.49176276771005	2428
r_pp_light_00281.fits	0	60212.49240590306	2460212.492405903	NaN	NaN	0	1.262897	NaN	-10.4	40	NaN	NaN	3997711.17772864	41122	46.40578545600643	2489
r_pp_light_00282.fits	0	60212.492950162385	2460212.4929501624	NaN	NaN	0	1.26369	NaN	-10.4	40	NaN	NaN	3848058.2032427527	40422	45.399420529801326	2416
r_pp_light_00283.fits	0	60212.493494108785	2460212.493494109	NaN	NaN	0	1.264504	NaN	-10.4	40	NaN	NaN	3709032.1280623004	41950	46.81825492561319	2487
r_pp_light_00284.fits	0	60212.49403887754	2460212.4940388775	NaN	NaN	0	1.265322	NaN	-10.4	40	NaN	NaN	3861303.6984539987	40979	44.52950955943474	2406
r_pp_light_00285.fits	0	60212.494583125226	2460212.494583125	NaN	NaN	0	1.266141	NaN	-10.4	40	NaN	NaN	3754922.6617976073	41437	44.57984949832776	2392
r_pp_light_00286.fits	0	60212.49512707209	2460212.495127072	NaN	NaN	0	1.266963	NaN	-10.4	40	NaN	NaN	3916279.2177868546	39205	45.44308445532436	2451
r_pp_light_00287.fits	0	60212.4956714469	2460212.495671447	NaN	NaN	0	1.26777	NaN	-10.4	40	NaN	NaN	3738375.098566236	41283	46.05864978902954	2370
r_pp_light_00288.fits	0	60212.49621527782	2460212.496215278	NaN	NaN	0	1.268597	NaN	-10.4	40	NaN	NaN	3711221.119407259	36280	47.01992528019925	2409
r_pp_light_00289.fits	0	60212.49675951386	2460212.496759514	NaN	NaN	0	1.269427	NaN	-10.4	40	NaN	NaN	3986559.795301756	40842	45.64606060606061	2475
r_pp_light_00290.fits	0	60212.49730369216	2460212.497303692	NaN	NaN	0	1.27026	NaN	-10.4	40	NaN	NaN	3840318.1533272867	44145	44.55912230800487	2461
r_pp_light_00291.fits	0	60212.49784997711	2460212.497849977	NaN	NaN	0	1.271098	NaN	-10.4	40	NaN	NaN	3741145.892847739	40478	46.54497781363453	2479
r_pp_light_00292.fits	0	60212.49839417823	2460212.498394178	NaN	NaN	0	1.271918	NaN	-10.4	40	NaN	NaN	3826208.1212681644	43410	45.95762711864407	2360
r_pp_light_00293.fits	0	60212.49893853022	2460212.49893853	NaN	NaN	0	1.272759	NaN	-10.4	40	NaN	NaN	3646317.452091332	40002	47.60339943342776	2471
r_pp_light_00294.fits	0	60212.49948321795	2460212.499483218	NaN	NaN	0	1.273603	NaN	-10.4	40	NaN	NaN	4192364.7131669507	38521	46.4106239460371	2372
r_pp_light_00295.fits	0	60212.50002709497	2460212.500027095	NaN	NaN	0	1.274449	NaN	-10.4	40	NaN	NaN	4068272.601979027	38922	47.38204508856683	2484
r_pp_light_00296.fits	0	60212.5005715047	2460212.5005715047	NaN	NaN	0	1.275279	NaN	-10.4	40	NaN	NaN	3952052.187568787	40048	45.09253112033195	2410
r_pp_light_00297.fits	0	60212.50111562526	2460212.5011156253	NaN	NaN	0	1.276131	NaN	-10.4	40	NaN	NaN	4174357.5970814447	37161	45.650572831423894	2444
r_pp_light_00298.fits	0	60212.50166048622	2460212.501660486	NaN	NaN	0	1.276985	NaN	-10.4	40	NaN	NaN	4197586.064299786	37357	47.35379510576524	2411
r_pp_light_00299.fits	0	60212.50220394693	2460212.502203947	NaN	NaN	0	1.277841	NaN	-10.4	40	NaN	NaN	4334007.334938176	39386	45.93944353518822	2444
r_pp_light_00300.fits	0	60212.502748623025	2460212.502748623	NaN	NaN	0	1.278682	NaN	-10.4	40	NaN	NaN	4368288.913091658	36010	46.437577768560764	2411
r_pp_light_00301.fits	0	60212.503294294234	2460212.5032942942	NaN	NaN	0	1.279546	NaN	-10.4	40	NaN	NaN	4577446.47692668	36384	46.96186612576065	2465
r_pp_light_00302.fits	0	60212.50383906253	2460212.5038390625	NaN	NaN	0	1.280412	NaN	-10.4	40	NaN	NaN	4611832.471535393	39783	47.879852881078875	2447
r_pp_light_00303.fits	0	60212.50438358821	2460212.504383588	NaN	NaN	0	1.281278	NaN	-10.4	40	NaN	NaN	4329970.741763438	37301	45.96296296296296	2376
r_pp_light_00304.fits	0	60212.50492812507	2460212.504928125	NaN	NaN	0	1.282129	NaN	-10.4	40	NaN	NaN	4474006.495268699	36750	47.702999577524295	2367
r_pp_light_00305.fits	0	60212.50547171291	2460212.505471713	NaN	NaN	0	1.283001	NaN	-10.4	40	NaN	NaN	5089055.905288899	35279	50.52625152625153	2457
r_pp_light_00306.fits	0	60212.50601591449	2460212.5060159145	NaN	NaN	0	1.283876	NaN	-10.4	40	NaN	NaN	4860933.466628101	35928	47.52511229073091	2449
r_pp_light_00307.fits	0	60212.50656054402	2460212.506560544	NaN	NaN	0	1.284735	NaN	-10.5	40	NaN	NaN	4915713.743272274	35241	49.957508250825086	2424
r_pp_light_00308.fits	0	60212.50710475724	2460212.5071047572	NaN	NaN	0	1.285615	NaN	-10.4	40	NaN	NaN	4673330.795249292	36736	48.9622034579815	2487
r_pp_light_00309.fits	0	60212.507649201434	2460212.5076492014	NaN	NaN	0	1.286498	NaN	-10.4	40	NaN	NaN	4624877.51533036	35631	46.97799119647859	2499
r_pp_light_00310.fits	0	60212.508193923626	2460212.5081939236	NaN	NaN	0	1.287384	NaN	-10.4	40	NaN	NaN	5072636.393102098	35807	46.59634974533107	2356
r_pp_light_00311.fits	0	60212.50873920135	2460212.5087392014	NaN	NaN	0	1.288254	NaN	-10.5	40	NaN	NaN	5193228.009543008	36099	47.45401581356638	2403
r_pp_light_00312.fits	0	60212.50928339129	2460212.5092833913	NaN	NaN	0	1.289145	NaN	-10.5	40	NaN	NaN	5156777.378454622	35045	48.61078348778433	2374
r_pp_light_00313.fits	0	60212.50982712954	2460212.5098271295	NaN	NaN	0	1.290037	NaN	-10.4	40	NaN	NaN	4828717.471182291	34462	50.08036454018227	2414
r_pp_light_00314.fits	0	60212.510371921584	2460212.5103719216	NaN	NaN	0	1.290914	NaN	-10.4	40	NaN	NaN	4519550.7744110115	36521	48.37838915470494	2508
r_pp_light_00315.fits	0	60212.51091533573	2460212.5109153357	NaN	NaN	0	1.291811	NaN	-10.4	40	NaN	NaN	4526023.7037602635	34748	47.86401326699834	2412
r_pp_light_00316.fits	0	60212.51146028936	2460212.5114602894	NaN	NaN	0	1.292713	NaN	-10.4	40	NaN	NaN	5182277.069334826	35044	48.16286779941981	2413
r_pp_light_00317.fits	0	60212.512004838325	2460212.5120048383	NaN	NaN	0	1.293616	NaN	-10.4	40	NaN	NaN	4783300.889031117	35772	48.432138542086186	2483
r_pp_light_00318.fits	0	60212.51254960662	2460212.5125496066	NaN	NaN	0	1.294504	NaN	-10.5	40	NaN	NaN	5300043.750973745	35632	48.526803708182186	2481
r_pp_light_00319.fits	0	60212.5130941323	2460212.5130941323	NaN	NaN	0	1.295413	NaN	-10.4	40	NaN	NaN	4974429.1356060365	35483	46.915022150624246	2483
r_pp_light_00320.fits	0	60212.51363885449	2460212.5136388545	NaN	NaN	0	1.296324	NaN	-10.4	40	NaN	NaN	5376599.004456085	34610	49.50796311818944	2386
r_pp_light_00321.fits	0	60212.51418429427	2460212.5141842943	NaN	NaN	0	1.29724	NaN	-10.4	40	NaN	NaN	4851479.938016113	34797	49.1324182478805	2477
r_pp_light_00322.fits	0	60212.51472910913	2460212.514729109	NaN	NaN	0	1.298138	NaN	-10.4	40	NaN	NaN	5349703.492951108	34913	48.65129924559933	2386
r_pp_light_00323.fits	0	60212.51527304435	2460212.5152730444	NaN	NaN	0	1.299056	NaN	-10.4	40	NaN	NaN	4868433.495269643	37136	45.462437395659435	2396
r_pp_light_00324.fits	0	60212.51581821777	2460212.515818218	NaN	NaN	0	1.299979	NaN	-10.5	40	NaN	NaN	4287269.672879577	34517	46.568708609271525	2416
r_pp_light_00325.fits	0	60212.5163617013	2460212.5163617013	NaN	NaN	0	1.300882	NaN	-10.4	40	NaN	NaN	4875884.146975271	34254	47.13336019339243	2482
r_pp_light_00326.fits	0	60212.51690645842	2460212.5169064584	NaN	NaN	0	1.30181	NaN	-10.4	40	NaN	NaN	5179240.056833745	35344	48.06821963394343	2404
r_pp_light_00327.fits	0	60212.51745067164	2460212.5174506716	NaN	NaN	0	1.302738	NaN	-10.5	40	NaN	NaN	4551816.17567193	35996	46.0757758968158	2481
r_pp_light_00328.fits	0	60212.51799503481	2460212.517995035	NaN	NaN	0	1.30365	NaN	-10.4	40	NaN	NaN	4183253.8878402356	34469	48.141985353946296	2458
r_pp_light_00329.fits	0	60212.51853923639	2460212.5185392364	NaN	NaN	0	1.304584	NaN	-10.4	40	NaN	NaN	5334177.782938199	34139	49.571723000824406	2426
r_pp_light_00330.fits	0	60212.519083356485	2460212.5190833565	NaN	NaN	0	1.305521	NaN	-10.4	40	NaN	NaN	5049611.041725761	36892	48.45917944467468	2413
r_pp_light_00331.fits	0	60212.51962990733	2460212.5196299073	NaN	NaN	0	1.306444	NaN	-10.5	40	NaN	NaN	4908292.207910327	36169	47.91185280273855	2337
r_pp_light_00332.fits	0	60212.520173808094	2460212.520173808	NaN	NaN	0	1.307385	NaN	-10.4	40	NaN	NaN	4557086.088445229	36624	46.9388090349076	2435
r_pp_light_00333.fits	0	60212.52071877336	2460212.5207187734	NaN	NaN	0	1.308331	NaN	-10.4	40	NaN	NaN	4807516.795365363	35716	45.8898479243732	2433
r_pp_light_00334.fits	0	60212.52126343781	2460212.521263438	NaN	NaN	0	1.309258	NaN	-10.4	40	NaN	NaN	4665372.019797887	36052	46.985661614092585	2441
r_pp_light_00335.fits	0	60212.521808217745	2460212.5218082177	NaN	NaN	0	1.310208	NaN	-10.4	40	NaN	NaN	4256434.560740319	36097	46.58274574865201	2411
r_pp_light_00336.fits	0	60212.52235160908	2460212.522351609	NaN	NaN	0	1.311158	NaN	-10.4	40	NaN	NaN	4280335.682942618	36089	45.096600331674956	2412
r_pp_light_00337.fits	0	60212.52289584512	2460212.522895845	NaN	NaN	0	1.312093	NaN	-10.4	40	NaN	NaN	4649103.361240696	36269	46.04909983633388	2444
r_pp_light_00338.fits	0	60212.52344057895	2460212.523440579	NaN	NaN	0	1.313051	NaN	-10.4	40	NaN	NaN	4736427.525512093	37341	44.97727272727273	2552
r_pp_light_00339.fits	0	60212.5239850115	2460212.5239850115	NaN	NaN	0	1.31401	NaN	-10.4	40	NaN	NaN	4291767.295939382	35710	46.06691919191919	2376
r_pp_light_00340.fits	0	60212.52452878468	2460212.5245287847	NaN	NaN	0	1.314971	NaN	-10.5	40	NaN	NaN	4125080.270533484	36668	44.48581997533909	2433
r_pp_light_00341.fits	0	60212.52507465286	2460212.525074653	NaN	NaN	0	1.315918	NaN	-10.4	40	NaN	NaN	4116376.3823663094	36200	44.59672131147541	2440
r_pp_light_00342.fits	0	60212.5256181485	2460212.5256181485	NaN	NaN	0	1.316884	NaN	-10.4	40	NaN	NaN	4545549.372426852	35262	45.577035490605425	2395
r_pp_light_00343.fits	0	60212.52616297454	2460212.5261629745	NaN	NaN	0	1.317834	NaN	-10.4	40	NaN	NaN	4359488.166547965	35931	43.67133706965573	2498
r_pp_light_00344.fits	0	60212.52670700243	2460212.5267070024	NaN	NaN	0	1.318806	NaN	-10.4	40	NaN	NaN	4102857.9772805823	37415	43.912187115305706	2437
r_pp_light_00345.fits	0	60212.5272523961	2460212.527252396	NaN	NaN	0	1.319782	NaN	-10.4	40	NaN	NaN	3816610.8267109864	37665	45.48514851485149	2424
r_pp_light_00346.fits	0	60212.527795705944	2460212.527795706	NaN	NaN	0	1.320737	NaN	-10.4	40	NaN	NaN	4459823.95429203	35501	45.886942010846894	2397
r_pp_light_00347.fits	0	60212.52834002348	2460212.5283400235	NaN	NaN	0	1.321716	NaN	-10.4	40	NaN	NaN	4238623.780596763	36305	44.279699874947895	2399
r_pp_light_00348.fits	0	60212.52888525464	2460212.5288852546	NaN	NaN	0	1.3227	NaN	-10.4	40	NaN	NaN	4188745.2191020683	36211	45.55223269151987	2441
r_pp_light_00349.fits	0	60212.52942869207	2460212.529428692	NaN	NaN	0	1.323662	NaN	-10.4	40	NaN	NaN	4781830.821950717	36304	44.64591920857379	2426
r_pp_light_00350.fits	0	60212.52997298632	2460212.5299729863	NaN	NaN	0	1.324649	NaN	-10.4	40	NaN	NaN	4337704.467478616	36462	45.31717171717172	2475
r_pp_light_00351.fits	0	60212.53051840281	2460212.530518403	NaN	NaN	0	1.32562	NaN	-10.4	40	NaN	NaN	4575344.611294285	35685	43.634077079107506	2465
r_pp_light_00352.fits	0	60212.53106267378	2460212.531062674	NaN	NaN	0	1.326612	NaN	-10.4	40	NaN	NaN	4698746.320219911	35438	46.41694772344014	2372
r_pp_light_00353.fits	0	60212.53160631936	2460212.5316063194	NaN	NaN	0	1.327605	NaN	-10.5	40	NaN	NaN	4736707.238988356	35701	48.63936430317848	2454
r_pp_light_00354.fits	0	60212.53215099545	2460212.5321509955	NaN	NaN	0	1.328581	NaN	-10.4	40	NaN	NaN	4759524.367252985	36033	47.696172248803826	2508
r_pp_light_00355.fits	0	60212.53269446781	2460212.532694468	NaN	NaN	0	1.329579	NaN	-10.4	40	NaN	NaN	4521466.4694743585	35935	45.038205980066444	2408
r_pp_light_00356.fits	0	60212.533238912	2460212.533238912	NaN	NaN	0	1.33056	NaN	-10.4	40	NaN	NaN	4352701.287681027	34834	44.680324370465215	2343
r_pp_light_00357.fits	0	60212.53378354199	2460212.533783542	NaN	NaN	0	1.331565	NaN	-10.4	40	NaN	NaN	4529286.179582793	35469	44.92993114621304	2469
r_pp_light_00358.fits	0	60212.534327824134	2460212.534327824	NaN	NaN	0	1.332572	NaN	-10.5	40	NaN	NaN	4543537.107056668	35997	45.4466221851543	2398
r_pp_light_00359.fits	0	60212.534872662276	2460212.5348726623	NaN	NaN	0	1.33356	NaN	-10.4	40	NaN	NaN	4771823.975857085	35239	48.443796835970026	2402
r_pp_light_00360.fits	0	60212.53541669017	2460212.53541669	NaN	NaN	0	1.334571	NaN	-10.5	40	NaN	NaN	4657108.981542719	34809	46.41338259441708	2436
r_pp_light_00361.fits	0	60212.53596349573	2460212.5359634957	NaN	NaN	0	1.33559	NaN	-10.4	40	NaN	NaN	4754651.023054589	36644	46.450634985661615	2441
r_pp_light_00362.fits	0	60212.53650795156	2460212.5365079516	NaN	NaN	0	1.336585	NaN	-10.4	40	NaN	NaN	4791004.95586809	34544	45.54370556252614	2391
r_pp_light_00363.fits	0	60212.537052153144	2460212.537052153	NaN	NaN	0	1.337604	NaN	-10.4	40	NaN	NaN	4828177.200418163	35293	46.028371710526315	2432
r_pp_light_00364.fits	0	60212.53759612283	2460212.537596123	NaN	NaN	0	1.338603	NaN	-10.4	40	NaN	NaN	4643366.32411147	35464	47.00042176296921	2371
r_pp_light_00365.fits	0	60212.538141261786	2460212.538141262	NaN	NaN	0	1.339628	NaN	-10.4	40	NaN	NaN	4628051.455816206	35477	46.970576215774415	2447
r_pp_light_00366.fits	0	60212.53868520865	2460212.5386852087	NaN	NaN	0	1.340654	NaN	-10.4	40	NaN	NaN	4713333.454552549	34875	44.52147766323024	2328
r_pp_light_00367.fits	0	60212.53923005797	2460212.539230058	NaN	NaN	0	1.341662	NaN	-10.4	40	NaN	NaN	4726582.347479704	36048	45.10872210953347	2465
r_pp_light_00368.fits	0	60212.53977422463	2460212.5397742246	NaN	NaN	0	1.342692	NaN	-10.4	40	NaN	NaN	4421713.5305223055	35493	48.04997934737712	2421
r_pp_light_00369.fits	0	60212.54031892354	2460212.5403189235	NaN	NaN	0	1.343727	NaN	-10.5	40	NaN	NaN	4506525.561357709	36677	46.462729124236255	2455
r_pp_light_00370.fits	0	60212.54086218774	2460212.5408621877	NaN	NaN	0	1.344739	NaN	-10.5	40	NaN	NaN	4558585.636113194	35451	46.02018900343643	2328
r_pp_light_00371.fits	0	60212.54140876187	2460212.541408762	NaN	NaN	0	1.345782	NaN	-10.4	40	NaN	NaN	4483707.961604599	36388	47.19214876033058	2420
r_pp_light_00372.fits	0	60212.54195303237	2460212.5419530324	NaN	NaN	0	1.3468	NaN	-10.4	40	NaN	NaN	4110331.5556745185	38280	46.48101793909053	2397
r_pp_light_00373.fits	0	60212.54249827564	2460212.5424982756	NaN	NaN	0	1.347845	NaN	-10.4	40	NaN	NaN	4403328.847392324	35931	45.53248306098047	2509
r_pp_light_00374.fits	0	60212.54304215312	2460212.543042153	NaN	NaN	0	1.348867	NaN	-10.4	40	NaN	NaN	4227234.693994646	35749	47.35734635734636	2457
r_pp_light_00375.fits	0	60212.543586979154	2460212.543586979	NaN	NaN	0	1.349916	NaN	-10.5	40	NaN	NaN	4405141.74075595	36557	47.38429231415372	2381
r_pp_light_00376.fits	0	60212.54413179401	2460212.544131794	NaN	NaN	0	1.350967	NaN	-10.4	40	NaN	NaN	4269802.665773926	37056	48.05843890478136	2447
r_pp_light_00377.fits	0	60212.54467659723	2460212.544676597	NaN	NaN	0	1.351998	NaN	-10.4	40	NaN	NaN	4617736.212491997	36143	47.96892062158757	2381
r_pp_light_00378.fits	0	60212.54522047471	2460212.5452204747	NaN	NaN	0	1.353052	NaN	-10.4	40	NaN	NaN	4596702.6656095795	35848	47.87676935886761	2402
r_pp_light_00379.fits	0	60212.545764872804	2460212.545764873	NaN	NaN	0	1.354087	NaN	-10.4	40	NaN	NaN	4771186.390226533	36656	48.60721692243882	2411
r_pp_light_00380.fits	0	60212.546309062745	2460212.5463090627	NaN	NaN	0	1.355146	NaN	-10.4	40	NaN	NaN	4884194.1493802415	35541	45.44471845458282	2433
r_pp_light_00381.fits	0	60212.546854930464	2460212.5468549305	NaN	NaN	0	1.356188	NaN	-10.4	40	NaN	NaN	4677417.622436674	35285	46.83788324233515	2381
r_pp_light_00382.fits	0	60212.54739886569	2460212.5473988657	NaN	NaN	0	1.357252	NaN	-10.4	40	NaN	NaN	4298781.143063532	38708	45.629409264768384	2353
r_pp_light_00383.fits	0	60212.54794306727	2460212.5479430673	NaN	NaN	0	1.358318	NaN	-10.4	40	NaN	NaN	4152112.5098332996	39286	44.89181162494697	2357
r_pp_light_00384.fits	0	60212.54848793987	2460212.54848794	NaN	NaN	0	1.359365	NaN	-10.4	40	NaN	NaN	4436287.293767764	36587	48.00620090946672	2419
r_pp_light_00385.fits	0	60212.54903206043	2460212.5490320604	NaN	NaN	0	1.360436	NaN	-10.4	40	NaN	NaN	4341020.267950224	38003	46.86851928660307	2411
r_pp_light_00386.fits	0	60212.54957618052	2460212.5495761805	NaN	NaN	0	1.361486	NaN	-10.5	40	NaN	NaN	4649004.612651674	35594	47.94325091203891	2467
r_pp_light_00387.fits	0	60212.55012089154	2460212.5501208915	NaN	NaN	0	1.362563	NaN	-10.5	40	NaN	NaN	4277831.253304296	37213	47.781976744186046	2408
r_pp_light_00388.fits	0	60212.55066468753	2460212.5506646875	NaN	NaN	0	1.36364	NaN	-10.4	40	NaN	NaN	4504357.541180221	36484	48.335839598997495	2394
r_pp_light_00389.fits	0	60212.551208958495	2460212.5512089585	NaN	NaN	0	1.364697	NaN	-10.4	40	NaN	NaN	4574921.64086476	36578	49.88678451178451	2376
r_pp_light_00390.fits	0	60212.55175287044	2460212.5517528704	NaN	NaN	0	1.365779	NaN	-10.4	40	NaN	NaN	4654023.491761099	34804	48.39387494683113	2351
r_pp_light_00391.fits	0	60212.55229872698	2460212.552298727	NaN	NaN	0	1.366843	NaN	-10.4	40	NaN	NaN	4585141.27460027	36739	48.44929292929293	2475
r_pp_light_00392.fits	0	60212.552842673846	2460212.552842674	NaN	NaN	0	1.36793	NaN	-10.4	40	NaN	NaN	4286771.456233848	37845	49.47776845637584	2384
r_pp_light_00393.fits	0	60212.55338725727	2460212.5533872573	NaN	NaN	0	1.368997	NaN	-10.5	40	NaN	NaN	4517784.438707219	36746	48.29127789046653	2465
r_pp_light_00394.fits	0	60212.55393113429	2460212.5539311343	NaN	NaN	0	1.370087	NaN	-10.4	40	NaN	NaN	4573089.341077146	36007	49.49512987012987	2464
r_pp_light_00395.fits	0	60212.55447540525	2460212.5544754053	NaN	NaN	0	1.371158	NaN	-10.5	40	NaN	NaN	4629481.181707185	37160	50.570938705529365	2333
r_pp_light_00396.fits	0	60212.55501956027	2460212.5550195603	NaN	NaN	0	1.372255	NaN	-10.4	40	NaN	NaN	4877295.5610407	36913	50.5881121808288	2389
r_pp_light_00397.fits	0	60212.55556423636	2460212.5555642364	NaN	NaN	0	1.373329	NaN	-10.5	40	NaN	NaN	4851942.851792717	35145	50.47041787339677	2417
r_pp_light_00398.fits	0	60212.55610747682	2460212.556107477	NaN	NaN	0	1.374428	NaN	-10.5	40	NaN	NaN	4871024.702057616	37398	51.45450785773367	2418
r_pp_light_00399.fits	0	60212.556651747786	2460212.556651748	NaN	NaN	0	1.375531	NaN	-10.4	40	NaN	NaN	4709519.949465448	39465	50.41481481481482	2430
r_pp_light_00400.fits	0	60212.55719651654	2460212.5571965165	NaN	NaN	0	1.376614	NaN	-10.5	40	NaN	NaN	4546827.255840072	37397	51.03414634146341	2460
r_pp_light_00401.fits	0	60212.55774340313	2460212.557743403	NaN	NaN	0	1.377726	NaN	-10.4	40	NaN	NaN	4938672.218502393	36548	51.35915789473684	2375
r_pp_light_00402.fits	0	60212.55828724569	2460212.5582872457	NaN	NaN	0	1.378811	NaN	-10.5	40	NaN	NaN	4358409.701194377	37137	50.54683544303798	2370
r_pp_light_00403.fits	0	60212.558832106646	2460212.5588321066	NaN	NaN	0	1.379899	NaN	-10.4	40	NaN	NaN	4623784.842540806	35872	49.199916001679966	2381
r_pp_light_00404.fits	0	60212.55937663186	2460212.559376632	NaN	NaN	0	1.381015	NaN	-10.4	40	NaN	NaN	4665377.82867658	38212	48.39103101424979	2386
r_pp_light_00405.fits	0	60212.55992089119	2460212.559920891	NaN	NaN	0	1.382131	NaN	-10.4	40	NaN	NaN	4579251.093323116	36481	50.55004170141785	2398
r_pp_light_00406.fits	0	60212.56046465272	2460212.5604646527	NaN	NaN	0	1.383224	NaN	-10.4	40	NaN	NaN	4204068.165432047	38779	49.96803652968037	2409
r_pp_light_00407.fits	0	60212.56100843754	2460212.5610084375	NaN	NaN	0	1.384344	NaN	-10.4	40	NaN	NaN	4039159.9401882146	36957	50.36498516320475	2359
r_pp_light_00408.fits	0	60212.56155312527	2460212.5615531253	NaN	NaN	0	1.385442	NaN	-10.4	40	NaN	NaN	4134653.311005689	37913	50.070020120724344	2485
r_pp_light_00409.fits	0	60212.56209664373	2460212.5620966437	NaN	NaN	0	1.386566	NaN	-10.4	40	NaN	NaN	4265415.293408618	38451	49.713815789473685	2432
r_pp_light_00410.fits	0	60212.56264159735	2460212.5626415974	NaN	NaN	0	1.387672	NaN	-10.4	40	NaN	NaN	4233993.234129339	37100	51.5125	2400
r_pp_light_00411.fits	0	60212.56318741897	2460212.563187419	NaN	NaN	0	1.388802	NaN	-10.5	40	NaN	NaN	4470813.653215501	37280	53.096089850249584	2404
r_pp_light_00412.fits	0	60212.56373285875	2460212.5637328587	NaN	NaN	0	1.389913	NaN	-10.5	40	NaN	NaN	4533917.660140238	39067	50.54349627174813	2414
r_pp_light_00413.fits	0	60212.564277153	2460212.564277153	NaN	NaN	0	1.391045	NaN	-10.4	40	NaN	NaN	4611395.00702641	36488	51.54983792544571	2468
r_pp_light_00414.fits	0	60212.564822013956	2460212.564822014	NaN	NaN	0	1.392157	NaN	-10.4	40	NaN	NaN	4654434.895173153	38205	51.626590069757896	2437
r_pp_light_00415.fits	0	60212.5653659259	2460212.565365926	NaN	NaN	0	1.393294	NaN	-10.4	40	NaN	NaN	4328360.739881906	37289	51.435379644588046	2476
r_pp_light_00416.fits	0	60212.56591026625	2460212.5659102662	NaN	NaN	0	1.39441	NaN	-10.4	40	NaN	NaN	4460048.204460672	37456	50.682539682539684	2457
r_pp_light_00417.fits	0	60212.56645415537	2460212.5664541554	NaN	NaN	0	1.395528	NaN	-10.4	40	NaN	NaN	4578664.202214678	36787	51.09656301145663	2444
r_pp_light_00418.fits	0	60212.56699920166	2460212.5669992017	NaN	NaN	0	1.396673	NaN	-10.5	40	NaN	NaN	4721072.042612433	37235	51.844967532467535	2464
r_pp_light_00419.fits	0	60212.567543125246	2460212.5675431252	NaN	NaN	0	1.397818	NaN	-10.4	40	NaN	NaN	4452840.838767921	36535	51.496878901373286	2403
r_pp_light_00420.fits	0	60212.56808789354	2460212.5680878935	NaN	NaN	0	1.398942	NaN	-10.4	40	NaN	NaN	4918357.188527944	37854	53.06381156316917	2335
r_pp_light_00421.fits	0	60212.56863354193	2460212.568633542	NaN	NaN	0	1.400095	NaN	-10.4	40	NaN	NaN	4870380.149743746	35946	51.93849287169043	2455
r_pp_light_00422.fits	0	60212.569178171456	2460212.5691781715	NaN	NaN	0	1.401222	NaN	-10.4	40	NaN	NaN	4680885.063417388	37690	52.902857142857144	2450
r_pp_light_00423.fits	0	60212.56972166663	2460212.5697216666	NaN	NaN	0	1.402375	NaN	-10.5	40	NaN	NaN	4955332.171917985	35908	53.888888888888886	2403
r_pp_light_00424.fits	0	60212.57026650477	2460212.570266505	NaN	NaN	0	1.403509	NaN	-10.4	40	NaN	NaN	5427616.662866455	35699	53.93635995135792	2467
r_pp_light_00425.fits	0	60212.57081094943	2460212.5708109494	NaN	NaN	0	1.404666	NaN	-10.4	40	NaN	NaN	4690853.494279587	37199	53.29601357082273	2358
r_pp_light_00426.fits	0	60212.57135519711	2460212.571355197	NaN	NaN	0	1.405804	NaN	-10.4	40	NaN	NaN	4464829.482808701	37684	50.503591043514994	2367
r_pp_light_00427.fits	0	60212.57189865736	2460212.5718986574	NaN	NaN	0	1.406963	NaN	-10.4	40	NaN	NaN	4453666.530979366	38151	52.26475620188195	2338
r_pp_light_00428.fits	0	60212.57244343776	2460212.5724434378	NaN	NaN	0	1.408105	NaN	-10.5	40	NaN	NaN	4334113.494339268	36664	51.35117599351176	2466
r_pp_light_00429.fits	0	60212.57298780093	2460212.572987801	NaN	NaN	0	1.40927	NaN	-10.4	40	NaN	NaN	4439206.524261695	37592	52.06821963394343	2404
r_pp_light_00430.fits	0	60212.57353214128	2460212.5735321413	NaN	NaN	0	1.410412	NaN	-10.4	40	NaN	NaN	4953614.0143540595	36772	50.954914703493095	2462
r_pp_light_00431.fits	0	60212.57407826418	2460212.574078264	NaN	NaN	0	1.411562	NaN	-10.5	40	NaN	NaN	4744005.864801969	38823	53.86329113924051	2370
r_pp_light_00432.fits	0	60212.57462237263	2460212.5746223726	NaN	NaN	0	1.412733	NaN	-10.4	40	NaN	NaN	4748367.524450705	35543	52.50582563278425	2489
r_pp_light_00433.fits	0	60212.57516686339	2460212.5751668634	NaN	NaN	0	1.41391	NaN	-10.4	40	NaN	NaN	4733484.538825834	38915	54.26747088186356	2404
r_pp_light_00434.fits	0	60212.57571116928	2460212.5757111693	NaN	NaN	0	1.415062	NaN	-10.5	40	NaN	NaN	4324175.509293233	38808	53.608821104699096	2426
r_pp_light_00435.fits	0	60212.57625505794	2460212.576255058	NaN	NaN	0	1.416238	NaN	-10.5	40	NaN	NaN	4689170.082340867	36997	54.067817509247845	2433
r_pp_light_00436.fits	0	60212.57679973403	2460212.576799734	NaN	NaN	0	1.417394	NaN	-10.4	40	NaN	NaN	4382747.624335194	39309	53.83080168776371	2370
r_pp_light_00437.fits	0	60212.5773447454	2460212.5773447454	NaN	NaN	0	1.418552	NaN	-10.4	40	NaN	NaN	4795162.826641341	37730	52.76465863453815	2490
r_pp_light_00438.fits	0	60212.577888912056	2460212.577888912	NaN	NaN	0	1.419736	NaN	-10.5	40	NaN	NaN	4621902.895040927	38395	54.15275387263339	2324
r_pp_light_00439.fits	0	60212.57843234949	2460212.5784323495	NaN	NaN	0	1.420896	NaN	-10.5	40	NaN	NaN	4445102.715365163	38535	54.53493265993266	2376
r_pp_light_00440.fits	0	60212.57897668984	2460212.57897669	NaN	NaN	0	1.422082	NaN	-10.5	40	NaN	NaN	4145046.710403977	37266	54.10109622411693	2463
r_pp_light_00441.fits	0	60212.57952211797	2460212.579522118	NaN	NaN	0	1.423273	NaN	-10.4	40	NaN	NaN	5237628.78643496	38004	54.64416203335981	2518
r_pp_light_00442.fits	0	60212.580066921655	2460212.5800669217	NaN	NaN	0	1.424441	NaN	-10.4	40	NaN	NaN	4413636.153355794	37567	54.948913917940466	2486
r_pp_light_00443.fits	0	60212.58061044011	2460212.58061044	NaN	NaN	0	1.425634	NaN	-10.5	40	NaN	NaN	4894557.026466703	36738	55.57446808510638	2397
r_pp_light_00444.fits	0	60212.58115531271	2460212.5811553127	NaN	NaN	0	1.426804	NaN	-10.5	40	NaN	NaN	4716485.315026655	38192	55.6780568135035	2429
r_pp_light_00445.fits	0	60212.581699756905	2460212.581699757	NaN	NaN	0	1.427974	NaN	-10.4	40	NaN	NaN	5788213.990435181	37077	56.03168155970756	2462
r_pp_light_00446.fits	0	60212.58224415546	2460212.5822441555	NaN	NaN	0	1.429174	NaN	-10.4	40	NaN	NaN	4960269.046580052	36458	55.79305966991113	2363
r_pp_light_00447.fits	0	60212.58278858801	2460212.582788588	NaN	NaN	0	1.430351	NaN	-10.5	40	NaN	NaN	4397206.554871729	39447	54.07920792079208	2424
r_pp_light_00448.fits	0	60212.58333284734	2460212.5833328473	NaN	NaN	0	1.431552	NaN	-10.5	40	NaN	NaN	4272737.367367465	37844	55.377042312526186	2387
r_pp_light_00449.fits	0	60212.58387645846	2460212.5838764585	NaN	NaN	0	1.432756	NaN	-10.5	40	NaN	NaN	4412689.804808957	38167	55.25361155698234	2492
r_pp_light_00450.fits	0	60212.584421192296	2460212.5844211923	NaN	NaN	0	1.433934	NaN	-10.4	40	NaN	NaN	4401573.219688336	39396	56.040636782572264	2387
r_pp_light_00451.fits	0	60212.58496664371	2460212.5849666437	NaN	NaN	0	1.43512	NaN	-10.5	40	NaN	NaN	4802091.170540324	39315	55.39225806451613	2325
r_pp_light_00452.fits	0	60212.58551090304	2460212.585510903	NaN	NaN	0	1.436328	NaN	-10.5	40	NaN	NaN	4723576.783325601	37994	56.179061071873704	2407
r_pp_light_00453.fits	0	60212.58605493093	2460212.586054931	NaN	NaN	0	1.437515	NaN	-10.5	40	NaN	NaN	4807820.6124448	40201	55.031556503198296	2345
r_pp_light_00454.fits	0	60212.58659959491	2460212.586599595	NaN	NaN	0	1.43873	NaN	-10.5	40	NaN	NaN	4389309.353300495	36599	54.30872756933116	2452
r_pp_light_00455.fits	0	60212.58714409731	2460212.5871440973	NaN	NaN	0	1.439918	NaN	-10.5	40	NaN	NaN	4555148.268201189	37949	55.113363673976004	2417
r_pp_light_00456.fits	0	60212.587688785046	2460212.587688785	NaN	NaN	0	1.441137	NaN	-10.5	40	NaN	NaN	4845908.434892831	36843	56.43223140495868	2420
r_pp_light_00457.fits	0	60212.588233634364	2460212.5882336344	NaN	NaN	0	1.442327	NaN	-10.4	40	NaN	NaN	4502043.538791684	41638	56.12274220032841	2436
r_pp_light_00458.fits	0	60212.58877797471	2460212.5887779747	NaN	NaN	0	1.443549	NaN	-10.5	40	NaN	NaN	4287937.284658224	41584	55.31983805668016	2470
r_pp_light_00459.fits	0	60212.58932209527	2460212.5893220953	NaN	NaN	0	1.444743	NaN	-10.5	40	NaN	NaN	4472050.229679874	41436	54.52374839537869	2337
r_pp_light_00460.fits	0	60212.589866597205	2460212.589866597	NaN	NaN	0	1.445942	NaN	-10.5	40	NaN	NaN	4289444.707507136	39589	55.360854987426656	2386
r_pp_light_00461.fits	0	60212.59041253477	2460212.590412535	NaN	NaN	0	1.447172	NaN	-10.5	40	NaN	NaN	4446553.427865608	44655	55.97080291970803	2466
r_pp_light_00462.fits	0	60212.590956736356	2460212.5909567364	NaN	NaN	0	1.448372	NaN	-10.4	40	NaN	NaN	4208993.280653441	39266	54.58815958815959	2331
r_pp_light_00463.fits	0	60212.59150018543	2460212.5915001854	NaN	NaN	0	1.449597	NaN	-10.4	40	NaN	NaN	4364864.405396933	37896	56.157051282051285	2496
r_pp_light_00464.fits	0	60212.59204483824	2460212.5920448382	NaN	NaN	0	1.450801	NaN	-10.4	40	NaN	NaN	4470596.607846129	36317	55.908938313050776	2383
r_pp_light_00465.fits	0	60212.592589803506	2460212.5925898035	NaN	NaN	0	1.452036	NaN	-10.4	40	NaN	NaN	4815964.480703977	36885	56.50372208436725	2418
r_pp_light_00466.fits	0	60212.593134143855	2460212.593134144	NaN	NaN	0	1.453242	NaN	-10.5	40	NaN	NaN	4495527.880556787	38593	56.10471854304636	2416
r_pp_light_00467.fits	0	60212.59367864579	2460212.593678646	NaN	NaN	0	1.45445	NaN	-10.5	40	NaN	NaN	4204084.716373214	39249	53.55699373695198	2395
r_pp_light_00468.fits	0	60212.59422331024	2460212.5942233102	NaN	NaN	0	1.455686	NaN	-10.5	40	NaN	NaN	4501426.9091501	40647	55.41401530406766	2483
r_pp_light_00469.fits	0	60212.59476770833	2460212.5947677083	NaN	NaN	0	1.456897	NaN	-10.4	40	NaN	NaN	4847257.696251746	37242	54.60901639344262	2440
r_pp_light_00470.fits	0	60212.59531247709	2460212.595312477	NaN	NaN	0	1.458116	NaN	-10.5	40	NaN	NaN	4838101.218790115	36951	54.61347664324101	2419
r_pp_light_00471.fits	0	60212.595858125016	2460212.595858125	NaN	NaN	0	1.459359	NaN	-10.5	40	NaN	NaN	4586314.594423153	39248	56.03341584158416	2424
r_pp_light_00472.fits	0	60212.59640292823	2460212.5964029282	NaN	NaN	0	1.460576	NaN	-10.4	40	NaN	NaN	4286351.743730391	41339	56.38480697384807	2409
r_pp_light_00473.fits	0	60212.59694703715	2460212.596947037	NaN	NaN	0	1.461816	NaN	-10.5	40	NaN	NaN	4325934.902516163	39911	55.92848180677541	2391
r_pp_light_00474.fits	0	60212.59749127319	2460212.597491273	NaN	NaN	0	1.46304	NaN	-10.5	40	NaN	NaN	4604756.057714781	39531	56.96018062397373	2436
r_pp_light_00475.fits	0	60212.59803565964	2460212.5980356596	NaN	NaN	0	1.464286	NaN	-10.4	40	NaN	NaN	4096037.566899037	40346	56.40321252059308	2428
r_pp_light_00476.fits	0	60212.5985800582	2460212.598580058	NaN	NaN	0	1.465508	NaN	-10.4	40	NaN	NaN	4074024.2926658737	38822	56.8831544178365	2422
r_pp_light_00477.fits	0	60212.59912394686	2460212.599123947	NaN	NaN	0	1.466756	NaN	-10.5	40	NaN	NaN	4350962.443470321	40110	55.01470588235294	2448
r_pp_light_00478.fits	0	60212.599669236224	2460212.599669236	NaN	NaN	0	1.467983	NaN	-10.5	40	NaN	NaN	4257594.910482767	38565	56.00041067761807	2435
r_pp_light_00479.fits	0	60212.60021376191	2460212.600213762	NaN	NaN	0	1.469212	NaN	-10.4	40	NaN	NaN	4114596.740049243	39894	55.08336789713812	2411
r_pp_light_00480.fits	0	60212.600758136716	2460212.6007581367	NaN	NaN	0	1.470439	NaN	-10.5	40	NaN	NaN	4324958.180701561	40174	58.10526315789474	2489
r_pp_light_00481.fits	0	60212.60130384285	2460212.601303843	NaN	NaN	0	1.471698	NaN	-10.5	40	NaN	NaN	4096305.7405424784	39979	57.6360294117647	2448
r_pp_light_00482.fits	0	60212.60184836807	2460212.601848368	NaN	NaN	0	1.472928	NaN	-10.5	40	NaN	NaN	3819381.2328262026	42080	56.506208609271525	2416
r_pp_light_00483.fits	0	60212.60239181714	2460212.602391817	NaN	NaN	0	1.474184	NaN	-10.4	40	NaN	NaN	3962105.5553828757	41912	54.15133171912833	2478
r_pp_light_00484.fits	0	60212.602936180774	2460212.602936181	NaN	NaN	0	1.47542	NaN	-10.4	40	NaN	NaN	3979818.889016759	40232	55.04899959167007	2449
r_pp_light_00485.fits	0	60212.60347980354	2460212.6034798035	NaN	NaN	0	1.476676	NaN	-10.5	40	NaN	NaN	4045366.282082357	38999	58.15154038301416	2402
r_pp_light_00486.fits	0	60212.60402409732	2460212.6040240973	NaN	NaN	0	1.477915	NaN	-10.4	40	NaN	NaN	3963698.3091316307	39235	55.94954507857734	2418
r_pp_light_00487.fits	0	60212.60456758132	2460212.6045675813	NaN	NaN	0	1.47915	NaN	-10.5	40	NaN	NaN	4108759.430957063	40504	57.454283360790775	2428
r_pp_light_00488.fits	0	60212.60511178244	2460212.6051117824	NaN	NaN	0	1.480414	NaN	-10.5	40	NaN	NaN	4159564.8438007487	41155	57.04132231404959	2420
r_pp_light_00489.fits	0	60212.605655775405	2460212.6056557754	NaN	NaN	0	1.481653	NaN	-10.5	40	NaN	NaN	3999523.7231795527	39963	56.10151006711409	2384
r_pp_light_00490.fits	0	60212.60620053252	2460212.6062005325	NaN	NaN	0	1.482894	NaN	-10.4	40	NaN	NaN	4048024.115609422	40982	56.54114189756507	2382
r_pp_light_00491.fits	0	60212.606746227015	2460212.606746227	NaN	NaN	0	1.484166	NaN	-10.4	40	NaN	NaN	4263961.288362225	39716	56.52955974842767	2385
r_pp_light_00492.fits	0	60212.60729082208	2460212.607290822	NaN	NaN	0	1.485414	NaN	-10.4	40	NaN	NaN	4167330.5932562	39004	57.05515485787017	2357
r_pp_light_00493.fits	0	60212.607834745664	2460212.6078347457	NaN	NaN	0	1.486654	NaN	-10.4	40	NaN	NaN	4244495.583632414	39215	56.108695652173914	2438
r_pp_light_00494.fits	0	60212.60837979196	2460212.608379792	NaN	NaN	0	1.487932	NaN	-10.5	40	NaN	NaN	4174387.2761089993	39026	55.0071488645921	2378
r_pp_light_00495.fits	0	60212.60892479168	2460212.6089247917	NaN	NaN	0	1.489211	NaN	-10.5	40	NaN	NaN	4069245.7990232236	39136	56.82658227848101	2370
r_pp_light_00496.fits	0	60212.60946908593	2460212.609469086	NaN	NaN	0	1.490456	NaN	-10.5	40	NaN	NaN	4165807.564708011	39458	55.920719248058845	2447
r_pp_light_00497.fits	0	60212.610012847465	2460212.6100128475	NaN	NaN	0	1.491734	NaN	-10.5	40	NaN	NaN	3950776.9458108293	38694	56.468032786885246	2440
r_pp_light_00498.fits	0	60212.61055815965	2460212.6105581596	NaN	NaN	0	1.492984	NaN	-10.5	40	NaN	NaN	4371746.898102698	36984	55.90753138075314	2390
r_pp_light_00499.fits	0	60212.61110266205	2460212.611102662	NaN	NaN	0	1.494239	NaN	-10.5	40	NaN	NaN	3986704.497567488	42282	56.438545150501675	2392
r_pp_light_00500.fits	0	60212.6116470024	2460212.6116470024	NaN	NaN	0	1.495519	NaN	-10.5	40	NaN	NaN	4513129.617302447	39725	57.57627811860941	2445
r_pp_light_00501.fits	0	60212.61219347222	2460212.612193472	NaN	NaN	0	1.496782	NaN	-10.4	40	NaN	NaN	4704191.028913625	38319	56.57028281975517	2369
r_pp_light_00502.fits	0	60212.61273785913	2460212.612737859	NaN	NaN	0	1.498034	NaN	-10.4	40	NaN	NaN	4400957.159440149	40388	57.06839336301093	2471
r_pp_light_00503.fits	0	60212.613282905426	2460212.6132829054	NaN	NaN	0	1.499323	NaN	-10.5	40	NaN	NaN	4321843.563999725	37261	57.535055350553506	2439
r_pp_light_00504.fits	0	60212.613827488385	2460212.6138274884	NaN	NaN	0	1.500581	NaN	-10.5	40	NaN	NaN	4432498.98891657	36931	57.972794723825224	2426
r_pp_light_00505.fits	0	60212.6143715973	2460212.6143715973	NaN	NaN	0	1.501839	NaN	-10.5	40	NaN	NaN	4408230.951586158	38624	57.141889030072	2361
r_pp_light_00506.fits	0	60212.6149158217	2460212.6149158217	NaN	NaN	0	1.503126	NaN	-10.4	40	NaN	NaN	4551660.543133429	40255	56.54583861427968	2367
r_pp_light_00507.fits	0	60212.61545993062	2460212.6154599306	NaN	NaN	0	1.504386	NaN	-10.5	40	NaN	NaN	4338699.628826535	40103	55.96678023850085	2348
r_pp_light_00508.fits	0	60212.61600535875	2460212.6160053588	NaN	NaN	0	1.50565	NaN	-10.5	40	NaN	NaN	4453382.353868854	37992	57.406976744186046	2408
r_pp_light_00509.fits	0	60212.61654883111	2460212.616548831	NaN	NaN	0	1.506938	NaN	-10.5	40	NaN	NaN	4506346.902617619	36647	57.01297122010539	2467
r_pp_light_00510.fits	0	60212.61709327577	2460212.6170932758	NaN	NaN	0	1.508203	NaN	-10.5	40	NaN	NaN	4712591.896789813	37157	55.98054635761589	2416
r_pp_light_00511.fits	0	60212.61763923615	2460212.617639236	NaN	NaN	0	1.509471	NaN	-10.5	40	NaN	NaN	4669336.514644726	38786	59.295548227535036	2426
r_pp_light_00512.fits	0	60212.61818349548	2460212.6181834955	NaN	NaN	0	1.51076	NaN	-10.5	40	NaN	NaN	4959575.895534473	37368	59.056822895064286	2411
r_pp_light_00513.fits	0	60212.61872802116	2460212.618728021	NaN	NaN	0	1.512031	NaN	-10.5	40	NaN	NaN	5006404.082051576	37620	60.60831960461285	2428
r_pp_light_00514.fits	0	60212.61927289376	2460212.6192728938	NaN	NaN	0	1.513296	NaN	-10.4	40	NaN	NaN	4930792.099668702	36814	59.91603694374475	2382
r_pp_light_00515.fits	0	60212.619817245286	2460212.6198172453	NaN	NaN	0	1.514597	NaN	-10.4	40	NaN	NaN	5194747.358249296	35460	60.43811881188119	2424
r_pp_light_00516.fits	0	60212.62036210671	2460212.6203621067	NaN	NaN	0	1.515867	NaN	-10.5	40	NaN	NaN	5259400.814924296	35785	60.45435333896872	2366
r_pp_light_00517.fits	0	60212.62090660911	2460212.620906609	NaN	NaN	0	1.517138	NaN	-10.5	40	NaN	NaN	4948486.877341767	37592	60.04558521560575	2435
r_pp_light_00518.fits	0	60212.621451273095	2460212.621451273	NaN	NaN	0	1.518438	NaN	-10.5	40	NaN	NaN	4949122.0270669265	37054	59.009319286871964	2468
r_pp_light_00519.fits	0	60212.62199519668	2460212.6219951967	NaN	NaN	0	1.519709	NaN	-10.4	40	NaN	NaN	4901576.732150838	38992	59.43401885175664	2334
r_pp_light_00520.fits	0	60212.622539745644	2460212.6225397456	NaN	NaN	0	1.52101	NaN	-10.4	40	NaN	NaN	4503601.5515855905	37128	59.486674866748665	2439
r_pp_light_00521.fits	0	60212.62308583362	2460212.6230858336	NaN	NaN	0	1.522293	NaN	-10.5	40	NaN	NaN	5237095.271626417	38203	59.56168300653595	2448
r_pp_light_00522.fits	0	60212.62363003474	2460212.6236300347	NaN	NaN	0	1.523563	NaN	-10.5	40	NaN	NaN	5321491.503336625	37321	59.66680446465482	2419
r_pp_light_00523.fits	0	60212.62417406263	2460212.6241740626	NaN	NaN	0	1.524866	NaN	-10.5	40	NaN	NaN	5477288.854960708	36825	61.08134920634921	2520
