Label	Saturated	J.D.-2400000	JD_UTC	JD_SOBS	HJD_UTC	BJD_TDB	AIRMASS	ALT_OBJ	CCD-TEMP	EXPTIME	RAOBJ2K	DECOBJ2K	Source-Sky_T1	Peak_T1	Sky/Pixel_T1	N_Sky_Pixels_T1	Source-Sky_C2	Peak_C2	Sky/Pixel_C2	N_Sky_Pixels_C2
r_pp_light_00001.fits	0	60224.419282650575	2460224.4192826506	NaN	NaN	0	1.210501	NaN	-10.4	40	NaN	NaN	3893880.1736492077	39400	23.63978494623656	2418	376371.70776795	10136	0	773
r_pp_light_00002.fits	0	60224.41982708359	2460224.4198270836	NaN	NaN	0	1.211124	NaN	-10.4	40	NaN	NaN	3971571.8456538897	44216	29.94289827255278	2084	411487.8421353255	12623	2.658454647256439	893
r_pp_light_00003.fits	0	60224.420371539425	2460224.4203715394	NaN	NaN	0	1.211731	NaN	-10.3	40	NaN	NaN	4227237.019035374	40853	26.645201495637725	2407	433251.1797938069	11334	13.749667700487372	2257
r_pp_light_00004.fits	0	60224.42091452563	2460224.4209145256	NaN	NaN	0	1.212342	NaN	-10.3	40	NaN	NaN	3936754.368651508	41819	32.83308494783905	2013	433567.32912907924	15082	12.912551440329219	1944
r_pp_light_00005.fits	0	60224.4214584725	2460224.4214584725	NaN	NaN	0	1.212956	NaN	-10.4	40	NaN	NaN	3865342.3129922957	44973	29.09095238095238	2100	420516.8056799986	15048	9.447494033412887	1676
r_pp_light_00006.fits	0	60224.42200320633	2460224.4220032063	NaN	NaN	0	1.21356	NaN	-10.4	40	NaN	NaN	3905659.139946867	44230	30.50356972870062	2101	379926.71698370733	11029	12.970477724100913	1863
r_pp_light_00007.fits	0	60224.422547546215	2460224.422547546	NaN	NaN	0	1.214181	NaN	-10.4	40	NaN	NaN	3519450.52324009	45620	37.544524669073404	1662	397715.35430000024	17712	16.686114352392064	1714
r_pp_light_00008.fits	0	60224.42309356481	2460224.423093565	NaN	NaN	0	1.214806	NaN	-10.3	40	NaN	NaN	3588558.015849093	41802	31.587976539589445	2046	393172.5740604999	13474	14.15653964984552	1942
r_pp_light_00009.fits	0	60224.4236375466	2460224.4236375466	NaN	NaN	0	1.215431	NaN	-10.4	40	NaN	NaN	3750670.437641985	44734	32.09849587578845	2061	424028.57511722646	17552	14.999492127983748	1969
r_pp_light_00010.fits	0	60224.42418195633	2460224.4241819563	NaN	NaN	0	1.216058	NaN	-10.4	40	NaN	NaN	3664815.8872725465	43345	31.63261296660118	2036	440411.25794856943	19046	14.422585590189065	1957
r_pp_light_00011.fits	0	60224.42472569458	2460224.4247256946	NaN	NaN	0	1.216688	NaN	-10.4	40	NaN	NaN	3770735.2661013566	42740	31.58619069985909	2129	440130.3296696233	18482	13.121132669113791	1907
r_pp_light_00012.fits	0	60224.42526964145	2460224.4252696414	NaN	NaN	0	1.217321	NaN	-10.4	40	NaN	NaN	3950729.3620746355	42299	33.20161290322581	2108	438229.8786311629	16544	13.597554492291334	1881
r_pp_light_00013.fits	0	60224.42581339134	2460224.4258133913	NaN	NaN	0	1.217955	NaN	-10.4	40	NaN	NaN	3658743.5610646973	47086	32.211330049261086	2030	439585.7908436989	20376	16.637346437346437	2035
r_pp_light_00014.fits	0	60224.4263572339	2460224.426357234	NaN	NaN	0	1.218594	NaN	-10.4	40	NaN	NaN	3681957.65592754	45020	32.94665324609965	1987	437418.49492346065	20017	13.009115281501341	1865
r_pp_light_00015.fits	0	60224.426901076455	2460224.4269010765	NaN	NaN	0	1.219235	NaN	-10.4	40	NaN	NaN	3566828.325723425	51950	36.981766381766384	1755	437785.91813231574	22116	14.064617314930992	1594
r_pp_light_00016.fits	0	60224.427444768604	2460224.4274447686	NaN	NaN	0	1.21988	NaN	-10.4	40	NaN	NaN	3673564.233555014	44649	34.57897310513447	2045	438671.04152876977	20999	16.7681592039801	2010
r_pp_light_00017.fits	0	60224.427990139	2460224.427990139	NaN	NaN	0	1.220527	NaN	-10.4	40	NaN	NaN	3966644.5572691364	42967	32.484029484029485	2035	438748.4025416697	15869	14.719562955254943	1922
r_pp_light_00018.fits	0	60224.428535474464	2460224.4285354745	NaN	NaN	0	1.221178	NaN	-10.4	40	NaN	NaN	3737713.2157467394	47635	32.30533199195171	1988	438968.6590368402	20165	15.471120040180814	1991
r_pp_light_00019.fits	0	60224.42907931749	2460224.4290793175	NaN	NaN	0	1.22183	NaN	-10.4	40	NaN	NaN	3893511.171442901	42539	35.09893822393823	2072	438487.29587504163	16384	10.357951161405598	1679
r_pp_light_00020.fits	0	60224.42962311348	2460224.4296231135	NaN	NaN	0	1.222484	NaN	-10.4	40	NaN	NaN	3773357.6870109444	46445	34.62869822485207	2028	440231.72612490423	17158	16.10562347188264	2045
r_pp_light_00021.fits	0	60224.43016731506	2460224.430167315	NaN	NaN	0	1.223142	NaN	-10.3	40	NaN	NaN	3902320.090536333	41465	34.950273495773246	2011	441528.62579039496	15892	14.951801116184678	1971
r_pp_light_00022.fits	0	60224.430711122695	2460224.4307111227	NaN	NaN	0	1.2238	NaN	-10.3	40	NaN	NaN	3790476.1888183705	41325	35.966733870967744	1984	441747.7770881269	17759	17.988725490196078	2040
r_pp_light_00023.fits	0	60224.43125550961	2460224.4312555096	NaN	NaN	0	1.224463	NaN	-10.4	40	NaN	NaN	3918908.1771253743	46301	33.87149187592319	2031	439877.3254467453	16913	16.013759213759215	2035
r_pp_light_00024.fits	0	60224.431800161954	2460224.431800162	NaN	NaN	0	1.225129	NaN	-10.4	40	NaN	NaN	3732607.4950544275	45351	36.05609284332689	2068	442824.4806346476	18270	17.869652742828386	1987
r_pp_light_00025.fits	0	60224.43234400498	2460224.432344005	NaN	NaN	0	1.225781	NaN	-10.3	40	NaN	NaN	3869407.182744473	40482	34.500720807304184	2081	439722.6248983801	15799	16.388944723618092	1990
r_pp_light_00026.fits	0	60224.432888206095	2460224.432888206	NaN	NaN	0	1.226453	NaN	-10.4	40	NaN	NaN	3874462.996174806	44956	36.04295704295704	2002	440307.18214308977	17335	16.52465483234714	2028
r_pp_light_00027.fits	0	60224.43343200255	2460224.4334320026	NaN	NaN	0	1.227126	NaN	-10.4	40	NaN	NaN	3714968.253545698	47196	35.88619119878604	1977	438948.3579787297	17555	18.818091451292247	2012
r_pp_light_00028.fits	0	60224.433977708686	2460224.4339777087	NaN	NaN	0	1.227802	NaN	-10.4	40	NaN	NaN	3650197.1869430966	43559	34.877176015473886	2068	438792.5507529808	19804	15.928891098955743	2011
r_pp_light_00029.fits	0	60224.434521551244	2460224.4345215512	NaN	NaN	0	1.228482	NaN	-10.4	40	NaN	NaN	4059014.764729237	42649	31.36848635235732	2418	443762.33798540494	14913	15.876998223801065	2252
r_pp_light_00030.fits	0	60224.435066782404	2460224.4350667824	NaN	NaN	0	1.229164	NaN	-10.3	40	NaN	NaN	3597315.5467370725	45165	33.61320293398533	2045	440123.2879707116	20565	16.134218289085545	2034
r_pp_light_00031.fits	0	60224.43561159726	2460224.4356115973	NaN	NaN	0	1.229848	NaN	-10.3	40	NaN	NaN	4173136.979880361	39053	33.09242994562944	2391	438697.9087610435	14789	17.950909860347018	2363
r_pp_light_00032.fits	0	60224.43615525495	2460224.436155255	NaN	NaN	0	1.230535	NaN	-10.4	40	NaN	NaN	3742428.7440496515	46659	37.84743202416919	1986	438963.3163456622	17916	17.08223350253807	1970
r_pp_light_00033.fits	0	60224.4366993634	2460224.4366993634	NaN	NaN	0	1.231224	NaN	-10.3	40	NaN	NaN	3582998.8997900872	45189	35.964444444444446	2025	436432.37440589874	20012	17.480730223123732	1972
r_pp_light_00034.fits	0	60224.43724357663	2460224.4372435766	NaN	NaN	0	1.231916	NaN	-10.3	40	NaN	NaN	3722210.510574162	44825	37.09691848906561	2012	436889.648050707	18901	17.445038910505836	2056
r_pp_light_00035.fits	0	60224.437787095085	2460224.437787095	NaN	NaN	0	1.23261	NaN	-10.4	40	NaN	NaN	3603594.756157969	45206	34.38406900050736	1971	436074.6126234671	18593	17.031925343811395	2036
r_pp_light_00036.fits	0	60224.43833076395	2460224.438330764	NaN	NaN	0	1.23329	NaN	-10.4	40	NaN	NaN	3744167.634000745	44971	36.68703794972893	2029	434214.826898273	17099	17.125804853888063	2019
r_pp_light_00037.fits	0	60224.438874699175	2460224.438874699	NaN	NaN	0	1.23399	NaN	-10.4	40	NaN	NaN	3675562.604610499	42279	33.643756050338816	2066	438794.04622539546	16618	17.62343297974928	2074
r_pp_light_00038.fits	0	60224.43941966444	2460224.4394196644	NaN	NaN	0	1.234695	NaN	-10.4	40	NaN	NaN	3598771.444630396	47517	34.892218463025614	2069	438117.9087043193	19791	19.01277013752456	2036
r_pp_light_00039.fits	0	60224.43996343762	2460224.4399634376	NaN	NaN	0	1.235398	NaN	-10.4	40	NaN	NaN	3730987.878062132	43853	36.122211445198836	2062	439054.60550388345	17970	18.922805247225025	1982
r_pp_light_00040.fits	0	60224.440507569816	2460224.44050757	NaN	NaN	0	1.236106	NaN	-10.4	40	NaN	NaN	3891914.227198649	40159	33.59652173913044	2300	437079.1758848415	16656	17.02526926263463	2414
r_pp_light_00041.fits	0	60224.44105159724	2460224.4410515972	NaN	NaN	0	1.236816	NaN	-10.4	40	NaN	NaN	4296982.601057951	39090	34.48538529672276	2258	438181.68951315916	12366	17.501654259718777	2418
r_pp_light_00042.fits	0	60224.44159525493	2460224.441595255	NaN	NaN	0	1.237529	NaN	-10.4	40	NaN	NaN	4473247.305868989	38103	32.130943102104446	2566	438997.3742115513	10713	18.67258382642998	2535
r_pp_light_00043.fits	0	60224.44213877339	2460224.4421387734	NaN	NaN	0	1.238244	NaN	-10.4	40	NaN	NaN	3830226.8473394397	40818	37.04304304304304	1998	440948.98204909684	15243	18.99108910891089	2020
r_pp_light_00044.fits	0	60224.44268234959	2460224.4426823496	NaN	NaN	0	1.238963	NaN	-10.4	40	NaN	NaN	3972010.007334219	45924	38.13026052104208	1996	441262.95129319816	15569	19.066311713455953	2066
r_pp_light_00045.fits	0	60224.44322723383	2460224.443227234	NaN	NaN	0	1.239669	NaN	-10.3	40	NaN	NaN	4005568.419139032	45860	37.67433537832311	1956	439406.5853998951	12883	17.532460996477102	1987
r_pp_light_00046.fits	0	60224.44377156254	2460224.4437715625	NaN	NaN	0	1.240392	NaN	-10.4	40	NaN	NaN	3975685.1475909217	39649	33.42361684558217	2422	441437.78678840253	14674	18.162207357859533	2392
r_pp_light_00047.fits	0	60224.44431489613	2460224.444314896	NaN	NaN	0	1.241116	NaN	-10.4	40	NaN	NaN	4096422.6145737013	41121	32.81170018281536	2188	441077.1429781199	13838	19.79268292682927	2132
r_pp_light_00048.fits	0	60224.44485982647	2460224.4448598265	NaN	NaN	0	1.241846	NaN	-10.4	40	NaN	NaN	4031181.4459355553	40156	33.86083333333333	2400	443535.4436459026	15093	19.059019118869493	2406
r_pp_light_00049.fits	0	60224.44540369231	2460224.4454036923	NaN	NaN	0	1.242578	NaN	-10.4	40	NaN	NaN	3998864.8538731257	39149	33.00375782881002	2395	442125.7011531262	13953	15.96063688633348	2261
r_pp_light_00050.fits	0	60224.44594770856	2460224.4459477086	NaN	NaN	0	1.243312	NaN	-10.4	40	NaN	NaN	3918866.182757679	37936	33.530534351145036	2358	442855.59805322794	14087	18.91568791946309	2384
r_pp_light_00051.fits	0	60224.446491794195	2460224.446491794	NaN	NaN	0	1.244047	NaN	-10.4	40	NaN	NaN	4014163.411951068	43337	32.309456740442656	2485	442808.7407397122	13241	21.005513146734522	2358
r_pp_light_00052.fits	0	60224.44703543978	2460224.44703544	NaN	NaN	0	1.244786	NaN	-10.4	40	NaN	NaN	4096233.01382257	38777	34.89005455308435	2383	440808.9246361009	13889	20.92	2300
r_pp_light_00053.fits	0	60224.447579120286	2460224.4475791203	NaN	NaN	0	1.245512	NaN	-10.4	40	NaN	NaN	4322456.767180393	40995	33.587641357027465	2476	440498.93611690175	11082	20.553336166595834	2353
r_pp_light_00054.fits	0	60224.44812312536	2460224.4481231254	NaN	NaN	0	1.246257	NaN	-10.3	40	NaN	NaN	4908604.74026502	39021	31.969782433521353	2482	440417.27312805067	8367	19.482307692307693	2600
r_pp_light_00055.fits	0	60224.44866729202	2460224.448667292	NaN	NaN	0	1.247004	NaN	-10.4	40	NaN	NaN	4775386.841861216	37406	31.477834444880344	2549	440227.4782984728	8485	18.518664047151276	2545
r_pp_light_00056.fits	0	60224.44921079883	2460224.449210799	NaN	NaN	0	1.247754	NaN	-10.4	40	NaN	NaN	4526605.394614677	38966	35.4599173553719	2420	439398.5751821192	9751	20.4982905982906	2340
r_pp_light_00057.fits	0	60224.4497548379	2460224.449754838	NaN	NaN	0	1.248506	NaN	-10.4	40	NaN	NaN	4434369.662299412	39883	35.50088105726872	2270	439378.4667538711	10478	20.47833264548081	2423
r_pp_light_00058.fits	0	60224.450299745426	2460224.4502997454	NaN	NaN	0	1.249262	NaN	-10.4	40	NaN	NaN	4794384.960710403	38908	34.914529914529915	1989	439766.6707537503	9269	20.51766304347826	2208
r_pp_light_00059.fits	0	60224.45084335655	2460224.4508433565	NaN	NaN	0	1.250019	NaN	-10.4	40	NaN	NaN	4253121.587023747	37677	33.90681726502622	2479	438915.20930534834	11235	21.027222458528286	2351
r_pp_light_00060.fits	0	60224.451387025416	2460224.4513870254	NaN	NaN	0	1.250764	NaN	-10.4	40	NaN	NaN	4491914.3191481205	39871	35.48816568047337	2366	439126.6688264872	9065	18.936725096194955	2339
r_pp_light_00061.fits	0	60224.45193044003	2460224.45193044	NaN	NaN	0	1.251525	NaN	-10.4	40	NaN	NaN	4242333.766804142	38253	34.35034305317324	2332	442969.4387049798	10890	18.50513259195894	2338
r_pp_light_00062.fits	0	60224.4524741089	2460224.452474109	NaN	NaN	0	1.252292	NaN	-10.4	40	NaN	NaN	4259363.345490277	38256	35.16323024054983	2328	439568.8539272349	12032	20.124792703150913	2412
r_pp_light_00063.fits	0	60224.45301849535	2460224.4530184953	NaN	NaN	0	1.25306	NaN	-10.4	40	NaN	NaN	4181323.3634114396	36342	35.01642178046672	2314	432871.7646508475	10525	20.18784067085954	2385
r_pp_light_00064.fits	0	60224.453562175855	2460224.453562176	NaN	NaN	0	1.25383	NaN	-10.3	40	NaN	NaN	4067403.4078944568	39512	34.14725184577522	2438	430529.96368591744	12440	20.848786828422877	2308
r_pp_light_00065.fits	0	60224.45410562493	2460224.454105625	NaN	NaN	0	1.254587	NaN	-10.4	40	NaN	NaN	3955889.0361432373	41526	33.46768707482993	2352	436200.07972014905	11956	20.471318493150687	2336
r_pp_light_00066.fits	0	60224.4546493059	2460224.454649306	NaN	NaN	0	1.255361	NaN	-10.3	40	NaN	NaN	4087975.943273342	44587	33.569327731092436	2380	439761.4365129421	11627	20.60575296108291	2364
r_pp_light_00067.fits	0	60224.455192939844	2460224.45519294	NaN	NaN	0	1.256141	NaN	-10.4	40	NaN	NaN	4116417.71251588	39321	34.93984962406015	2394	441510.2956409503	11078	20.30067001675042	2388
r_pp_light_00068.fits	0	60224.455738946795	2460224.455738947	NaN	NaN	0	1.256924	NaN	-10.3	40	NaN	NaN	4203037.240905996	38027	34.421548545678	2441	437676.75068593567	10884	20.404335139641518	2399
r_pp_light_00069.fits	0	60224.45628270833	2460224.4562827083	NaN	NaN	0	1.257709	NaN	-10.4	40	NaN	NaN	4293664.285085223	39396	34.76073098172546	2353	437351.3219196837	10969	19.418742085268047	2369
r_pp_light_00070.fits	0	60224.456826504786	2460224.456826505	NaN	NaN	0	1.258496	NaN	-10.4	40	NaN	NaN	4150510.097831853	39618	37.117252931323286	2388	436171.9419690833	11568	22.853658536585368	2378
r_pp_light_00071.fits	0	60224.45737025468	2460224.4573702547	NaN	NaN	0	1.259267	NaN	-10.4	40	NaN	NaN	4144520.154965587	36559	33.44811905746176	2419	427367.19377438386	9912	20.8083857442348	2385
r_pp_light_00072.fits	0	60224.45791327581	2460224.457913276	NaN	NaN	0	1.260058	NaN	-10.4	40	NaN	NaN	4684370.753797054	38069	35.88560411311054	2334	426811.77434745175	7369	21.436889077773056	2353
r_pp_light_00073.fits	0	60224.45845719939	2460224.4584571994	NaN	NaN	0	1.260852	NaN	-10.4	40	NaN	NaN	4352215.325186737	41484	35.38048986486486	2368	420540.276537358	8465	21.826931194596877	2369
r_pp_light_00074.fits	0	60224.45900093764	2460224.4590009376	NaN	NaN	0	1.261649	NaN	-10.4	40	NaN	NaN	4278512.935639367	38393	36.52252252252252	2109	415061.6962278831	9560	19.91693585602215	2167
r_pp_light_00075.fits	0	60224.45954479184	2460224.459544792	NaN	NaN	0	1.262448	NaN	-10.3	40	NaN	NaN	4011000.04338843	36843	35.49445865302643	2346	423791.4527186386	11255	20.972872996300865	2433
r_pp_light_00076.fits	0	60224.46008848399	2460224.460088484	NaN	NaN	0	1.263233	NaN	-10.4	40	NaN	NaN	4116268.7690285826	38021	34.469362234264274	2399	411396.16717086534	10289	22.012730465320455	2278
r_pp_light_00077.fits	0	60224.4606318865	2460224.4606318865	NaN	NaN	0	1.264037	NaN	-10.4	40	NaN	NaN	3955249.3732548472	38633	35.03150572831424	2444	398688.13057152624	9580	22.43407960199005	2412
r_pp_light_00078.fits	0	60224.46117692161	2460224.4611769216	NaN	NaN	0	1.264847	NaN	-10.4	40	NaN	NaN	3945293.7157943877	39269	37.31294236602629	1978	404310.71750274545	10075	21.83494159471813	1969
r_pp_light_00079.fits	0	60224.461721041705	2460224.4617210417	NaN	NaN	0	1.265657	NaN	-10.4	40	NaN	NaN	4005849.0400773324	40270	34.60198183319571	2422	411892.6008898408	10160	20.685929648241206	2388
r_pp_light_00080.fits	0	60224.46226460673	2460224.4622646067	NaN	NaN	0	1.266469	NaN	-10.3	40	NaN	NaN	3920778.6332531506	38039	35.99578592498946	2373	415086.8276050007	12224	21.342224045958144	2437
r_pp_light_00081.fits	0	60224.46280831052	2460224.4628083105	NaN	NaN	0	1.267266	NaN	-10.4	40	NaN	NaN	3870029.2254272387	35713	34.23908149482215	2221	405426.54826373426	11406	21.804259175351156	2207
r_pp_light_00082.fits	0	60224.46335339127	2460224.4633533913	NaN	NaN	0	1.268086	NaN	-10.4	40	NaN	NaN	3851348.4403642854	39736	38.41784274193548	1984	396466.8558184375	10385	22.71743388834476	2042
r_pp_light_00083.fits	0	60224.4638971067	2460224.4638971067	NaN	NaN	0	1.268907	NaN	-10.4	40	NaN	NaN	3915409.4895595275	36279	36.87395659432387	2396	400722.0524642416	10470	22.956792687993353	2407
r_pp_light_00084.fits	0	60224.46444076393	2460224.464440764	NaN	NaN	0	1.26973	NaN	-10.4	40	NaN	NaN	3840358.6195689626	40164	39.41625371655104	2018	393303.6951467184	9838	21.60717749757517	2062
r_pp_light_00085.fits	0	60224.464984872844	2460224.464984873	NaN	NaN	0	1.270555	NaN	-10.4	40	NaN	NaN	3574601.9322227626	37767	39.64470473401659	2049	376721.04373810877	11303	25.44566850275413	1997
r_pp_light_00086.fits	0	60224.46552854171	2460224.4655285417	NaN	NaN	0	1.271366	NaN	-10.3	40	NaN	NaN	3682722.0504207895	35592	35.58841201716738	2330	356574.95186068246	9445	23.796540362438222	2428
r_pp_light_00087.fits	0	60224.466072650626	2460224.4660726506	NaN	NaN	0	1.272197	NaN	-10.4	40	NaN	NaN	3823401.5818243683	34959	35.501771479185116	2258	359386.92451374937	8437	23.46847635726795	2284
r_pp_light_00088.fits	0	60224.466618159786	2460224.46661816	NaN	NaN	0	1.273033	NaN	-10.4	40	NaN	NaN	3382060.476031622	37284	38.919822921790455	2033	352879.20097515883	9686	23.049394673123487	2065
r_pp_light_00089.fits	0	60224.46716184029	2460224.4671618403	NaN	NaN	0	1.273869	NaN	-10.4	40	NaN	NaN	3591051.402811781	34035	36.920169851380045	2355	325743.9912472327	7708	25.119918699186993	2460
r_pp_light_00090.fits	0	60224.46770476876	2460224.4677047688	NaN	NaN	0	1.274689	NaN	-10.4	40	NaN	NaN	3513329.668889648	36189	40.19221041982802	1977	327406.13416031905	8838	25.124214596423393	2069
r_pp_light_00091.fits	0	60224.46824879665	2460224.4682487966	NaN	NaN	0	1.27553	NaN	-10.4	40	NaN	NaN	3228314.9466721383	36944	39.54803384768542	2009	343227.7426568833	11897	26.015663240332845	2043
r_pp_light_00092.fits	0	60224.468792465515	2460224.4687924655	NaN	NaN	0	1.276374	NaN	-10.4	40	NaN	NaN	3222655.979059797	36260	39.22854340362923	2039	344507.64348896	11794	26.800515463917527	1940
r_pp_light_00093.fits	0	60224.46933677094	2460224.469336771	NaN	NaN	0	1.277221	NaN	-10.4	40	NaN	NaN	3159022.9973239894	38038	38.67433537832311	1956	337960.4629273259	11622	25.836552748885588	2019
r_pp_light_00094.fits	0	60224.46988057904	2460224.469880579	NaN	NaN	0	1.278053	NaN	-10.4	40	NaN	NaN	3596737.813646176	36914	41.37605042016807	1904	355733.76359680993	8885	27.343549184379633	2023
r_pp_light_00095.fits	0	60224.47042468749	2460224.4704246875	NaN	NaN	0	1.278904	NaN	-10.4	40	NaN	NaN	3639831.390883165	36424	39.1072319201995	2005	367562.07896435476	9469	24.145772594752188	2058
r_pp_light_00096.fits	0	60224.470968414564	2460224.4709684146	NaN	NaN	0	1.279758	NaN	-10.4	40	NaN	NaN	3476906.4497196604	38828	41.51316443119722	2013	359141.7503229729	10307	27.16552734375	2048
r_pp_light_00097.fits	0	60224.47151215281	2460224.471512153	NaN	NaN	0	1.280614	NaN	-10.4	40	NaN	NaN	3854085.328780976	36976	39.94521249359959	1953	358934.1599356306	8093	27.171229467396714	2009
r_pp_light_00098.fits	0	60224.47205690993	2460224.47205691	NaN	NaN	0	1.281457	NaN	-10.4	40	NaN	NaN	3735134.8034039643	36363	40.44444444444444	1998	366742.25743026286	8295	26.040588533739218	1971
r_pp_light_00099.fits	0	60224.47260071756	2460224.4726007176	NaN	NaN	0	1.282319	NaN	-10.4	40	NaN	NaN	3392492.239274613	37140	39.48135426889107	2038	359536.8872412796	10375	25.31282051282051	1950
r_pp_light_00100.fits	0	60224.47314437525	2460224.4731443753	NaN	NaN	0	1.283183	NaN	-10.4	40	NaN	NaN	3306960.6232819958	35680	41.4019019019019	1998	323472.8055494525	8323	26.10660877954655	2073
r_pp_light_00101.fits	0	60224.47368857637	2460224.4736885764	NaN	NaN	0	1.284051	NaN	-10.4	40	NaN	NaN	3354258.3164452324	35125	42.01392342118349	2011	315235.67064517963	8094	28.343537414965986	2058
r_pp_light_00102.fits	0	60224.47423237283	2460224.474232373	NaN	NaN	0	1.284902	NaN	-10.4	40	NaN	NaN	3207297.8817456886	35970	41.08991008991009	2002	312780.755587433	7828	28.246191646191647	2035
r_pp_light_00103.fits	0	60224.47477570595	2460224.474775706	NaN	NaN	0	1.285774	NaN	-10.3	40	NaN	NaN	3545616.5372856646	35427	37.60077186963979	2332	331163.99278058717	7136	27.070124481327802	2410
r_pp_light_00104.fits	0	60224.47531936364	2460224.4753193636	NaN	NaN	0	1.286647	NaN	-10.4	40	NaN	NaN	3641700.3403940266	35451	35.505780346820806	2422	312642.7134626823	6295	26.914902624894157	2362
r_pp_light_00105.fits	0	60224.47586302087	2460224.475863021	NaN	NaN	0	1.287526	NaN	-10.4	40	NaN	NaN	3568688.7143354923	35659	39.707019328585965	1966	319179.3783852693	6467	25.832292167227294	2081
r_pp_light_00106.fits	0	60224.476407940034	2460224.47640794	NaN	NaN	0	1.288387	NaN	-10.4	40	NaN	NaN	3352284.819863771	39180	38.14300100704934	1986	355053.3489029819	9184	24.570029382957884	2042
r_pp_light_00107.fits	0	60224.476951967925	2460224.476951968	NaN	NaN	0	1.28927	NaN	-10.3	40	NaN	NaN	3496997.7025311883	38417	39.17664821338702	1987	359775.07732336246	8030	25.854517611026033	1959
r_pp_light_00108.fits	0	60224.477497372776	2460224.477497373	NaN	NaN	0	1.290158	NaN	-10.3	40	NaN	NaN	3778486.620868294	35522	38.37932647333957	2138	371422.4549189743	8521	26.61484264913105	2129
r_pp_light_00109.fits	0	60224.47804141231	2460224.4780414123	NaN	NaN	0	1.291027	NaN	-10.3	40	NaN	NaN	3446934.6419861563	36959	38.9398266190719	1961	374786.5676877759	11266	25.43293556085919	2095
r_pp_light_00110.fits	0	60224.4785851161	2460224.478585116	NaN	NaN	0	1.291917	NaN	-10.4	40	NaN	NaN	3392124.493793046	36949	39.3305912596401	1945	375753.4911277722	10957	23.275305623471883	2045
r_pp_light_00111.fits	0	60224.479128773324	2460224.4791287733	NaN	NaN	0	1.292809	NaN	-10.4	40	NaN	NaN	3499221.705481801	38923	40.65524296675192	1955	376466.39635694923	10084	26.89425981873112	1986
r_pp_light_00112.fits	0	60224.47967292834	2460224.4796729283	NaN	NaN	0	1.293705	NaN	-10.4	40	NaN	NaN	3411905.315758141	37922	40.968671045982816	1979	371769.40302999865	10233	26.213228035538005	2026
r_pp_light_00113.fits	0	60224.48021716438	2460224.4802171644	NaN	NaN	0	1.294584	NaN	-10.4	40	NaN	NaN	3257721.0080450894	38144	39.627848101265826	1975	376335.42658833106	12075	26.441365660564077	2021
r_pp_light_00114.fits	0	60224.4807613194	2460224.4807613194	NaN	NaN	0	1.295484	NaN	-10.4	40	NaN	NaN	3599358.872400586	37093	39.002501250625315	1999	375818.90003409865	9604	25.916833667334668	1996
r_pp_light_00115.fits	0	60224.48130467627	2460224.4813046763	NaN	NaN	0	1.296387	NaN	-10.3	40	NaN	NaN	3658078.733381745	36043	36.530940009447335	2117	371515.49167537	8491	22.848275862068967	2175
r_pp_light_00116.fits	0	60224.48184831021	2460224.48184831	NaN	NaN	0	1.297292	NaN	-10.4	40	NaN	NaN	3714414.5505592343	35514	36.97412677878396	2319	366664.6256158628	8170	25.52843803056027	2356
r_pp_light_00117.fits	0	60224.48239155114	2460224.482391551	NaN	NaN	0	1.298179	NaN	-10.4	40	NaN	NaN	3460941.520929691	34742	40.02345309381238	2004	366863.7611282795	9535	28.273370389085397	1979
r_pp_light_00118.fits	0	60224.482936354354	2460224.4829363544	NaN	NaN	0	1.299092	NaN	-10.4	40	NaN	NaN	3202225.0513963485	37594	39.72606924643585	1964	344374.88279262534	9296	25.26466380543634	2097
r_pp_light_00119.fits	0	60224.483480104245	2460224.4834801042	NaN	NaN	0	1.299985	NaN	-10.3	40	NaN	NaN	3194826.673431536	36172	40.091001525165225	1967	336396.2176495566	9243	27.082278481012658	2054
r_pp_light_00120.fits	0	60224.484024282545	2460224.4840242825	NaN	NaN	0	1.300901	NaN	-10.4	40	NaN	NaN	3418660.2044258146	35890	38.55091902632886	2013	349441.15756316436	8668	27.535802469135803	2025
r_pp_light_00121.fits	0	60224.48456891207	2460224.484568912	NaN	NaN	0	1.30182	NaN	-10.4	40	NaN	NaN	3349327.8394925576	35196	38.332825203252035	1968	343790.1210946631	8594	25.988430583501007	1988
r_pp_light_00122.fits	0	60224.48511266196	2460224.485112662	NaN	NaN	0	1.302721	NaN	-10.4	40	NaN	NaN	3411011.7370930477	35967	40.51160391954616	1939	344145.5905377536	8348	28.071216617210684	2022
r_pp_light_00123.fits	0	60224.48565672478	2460224.485656725	NaN	NaN	0	1.303644	NaN	-10.4	40	NaN	NaN	3129571.8205090584	38005	38.8834808259587	2034	332773.4814624812	9430	28.075247524752474	2020
r_pp_light_00124.fits	0	60224.48620081041	2460224.4862008104	NaN	NaN	0	1.30457	NaN	-10.4	40	NaN	NaN	3243982.505233591	36449	39.417162698412696	2016	346049.9486385146	9060	27.328692192938835	2011
r_pp_light_00125.fits	0	60224.48674373841	2460224.4867437384	NaN	NaN	0	1.305498	NaN	-10.4	40	NaN	NaN	3141761.571336269	37477	43.11170528817588	1683	346047.7814115214	9536	28.596363636363638	1650
r_pp_light_00126.fits	0	60224.48728740774	2460224.4872874077	NaN	NaN	0	1.306407	NaN	-10.4	40	NaN	NaN	3194777.055181475	36221	39.38863750628457	1989	352219.3166586946	10099	26.368525896414344	2008
r_pp_light_00127.fits	0	60224.48783115763	2460224.4878311576	NaN	NaN	0	1.30734	NaN	-10.4	40	NaN	NaN	3255700.4496484213	36151	36.55414979757085	1976	366215.1817318667	8958	25.59942363112392	2082
r_pp_light_00128.fits	0	60224.488376041874	2460224.488376042	NaN	NaN	0	1.308279	NaN	-10.4	40	NaN	NaN	3537999.012751822	37958	39.492695214105794	1985	397012.3271839225	9973	25.950926389584378	1997
r_pp_light_00129.fits	0	60224.488919421565	2460224.4889194216	NaN	NaN	0	1.309195	NaN	-10.4	40	NaN	NaN	3573931.7034607516	37111	37.56044511886697	1977	407180.6544596032	10588	24.778158667972576	2042
r_pp_light_00130.fits	0	60224.489463171456	2460224.4894631715	NaN	NaN	0	1.310135	NaN	-10.4	40	NaN	NaN	3621197.3473828374	36015	37.6039156626506	1992	407295.88577878155	10160	23.00242483026188	2062
r_pp_light_00131.fits	0	60224.490006863605	2460224.4900068636	NaN	NaN	0	1.311078	NaN	-10.4	40	NaN	NaN	3816562.479425965	34006	37.49177949709865	2068	407841.9595341466	9190	25.41031390134529	2230
r_pp_light_00132.fits	0	60224.49055038206	2460224.490550382	NaN	NaN	0	1.312004	NaN	-10.4	40	NaN	NaN	3612432.2563933395	35262	40.044297352342156	1964	408421.7461712816	9997	25.5655	2000
r_pp_light_00133.fits	0	60224.49109383114	2460224.491093831	NaN	NaN	0	1.312951	NaN	-10.4	40	NaN	NaN	3743814.5717053832	35815	37.480216576426486	2401	410616.776981021	9242	25.599916212819437	2387
r_pp_light_00134.fits	0	60224.49163802108	2460224.491638021	NaN	NaN	0	1.313902	NaN	-10.4	40	NaN	NaN	3736902.67457889	35613	34.689757756056096	2353	412412.0579283271	9461	23.691991786447637	2435
r_pp_light_00135.fits	0	60224.49218214117	2460224.492182141	NaN	NaN	0	1.314835	NaN	-10.4	40	NaN	NaN	3244898.891744056	35705	37.12290502793296	1969	410920.93101945164	13432	23.87890818858561	2015
r_pp_light_00136.fits	0	60224.49272626173	2460224.4927262617	NaN	NaN	0	1.315791	NaN	-10.4	40	NaN	NaN	3355386.0344930575	37036	37.984406438631794	1988	410446.138395961	12000	25.984295845997973	1974
r_pp_light_00137.fits	0	60224.49326996552	2460224.4932699655	NaN	NaN	0	1.316749	NaN	-10.4	40	NaN	NaN	3352544.9206275083	38089	37.965711361310134	1954	409725.93222377345	12351	23.497519841269842	2016
r_pp_light_00138.fits	0	60224.49381468771	2460224.4938146877	NaN	NaN	0	1.31769	NaN	-10.4	40	NaN	NaN	3525148.7259870963	37256	37.758	2000	410046.4591857059	9929	23.464903846153845	2080
r_pp_light_00139.fits	0	60224.49435844924	2460224.4943584492	NaN	NaN	0	1.318653	NaN	-10.4	40	NaN	NaN	3366884.283364061	36066	38.95783132530121	1992	410096.7655925006	11725	24.48124695567462	2053
r_pp_light_00140.fits	0	60224.494901366066	2460224.494901366	NaN	NaN	0	1.319617	NaN	-10.4	40	NaN	NaN	3308619.2547992356	37043	38.48587285570131	1982	407153.96282999974	11915	27.516781836130306	2026
r_pp_light_00141.fits	0	60224.495445902925	2460224.495445903	NaN	NaN	0	1.320565	NaN	-10.4	40	NaN	NaN	3220068.1887755366	35714	43.72587329780936	1689	404694.1275483637	12822	27.387462686567165	1675
r_pp_light_00142.fits	0	60224.49598876154	2460224.4959887615	NaN	NaN	0	1.321534	NaN	-10.4	40	NaN	NaN	3413105.750330077	37311	39.20078934385792	2027	402859.31064720795	11112	26.89231547017189	1978
r_pp_light_00143.fits	0	60224.496532326564	2460224.4965323266	NaN	NaN	0	1.322506	NaN	-10.4	40	NaN	NaN	3343613.9699776103	36534	40.43630737493553	1939	400556.3162445576	11548	25.24306220095694	2090
r_pp_light_00144.fits	0	60224.49707597215	2460224.497075972	NaN	NaN	0	1.32346	NaN	-10.4	40	NaN	NaN	3464240.9598612604	35387	39.08494404883011	1966	392250.4183181016	9135	26.387926768926274	2021
r_pp_light_00145.fits	0	60224.49761937512	2460224.497619375	NaN	NaN	0	1.324437	NaN	-10.4	40	NaN	NaN	3132305.5953317774	34627	39.43660531697341	1956	371305.4305958901	10951	26.52062105773896	2061
r_pp_light_00146.fits	0	60224.49816300953	2460224.4981630095	NaN	NaN	0	1.325416	NaN	-10.4	40	NaN	NaN	3044064.0414244756	38064	41.79086538461539	1664	371841.89634884556	11529	27.431290898274835	1681
r_pp_light_00147.fits	0	60224.49870677106	2460224.498706771	NaN	NaN	0	1.326378	NaN	-10.4	40	NaN	NaN	3257426.9453546405	37579	37.56062912227296	1971	381466.37033482746	10760	27.054801407742584	1989
r_pp_light_00148.fits	0	60224.499251713045	2460224.499251713	NaN	NaN	0	1.327365	NaN	-10.3	40	NaN	NaN	3237318.3602826362	38417	43.454819277108435	1660	383963.5927725912	11319	27.05565019875071	1761
r_pp_light_00149.fits	0	60224.49979538191	2460224.499795382	NaN	NaN	0	1.328331	NaN	-10.3	40	NaN	NaN	3152312.980087997	36651	42.73875	1600	375556.0011396	11182	27.472463768115944	1725
r_pp_light_00150.fits	0	60224.500338946935	2460224.500338947	NaN	NaN	0	1.32932	NaN	-10.4	40	NaN	NaN	3211909.1033572196	35783	39.32425617750882	1983	376542.43996491015	10006	27.463291139240507	1975
r_pp_light_00151.fits	0	60224.50088230334	2460224.5008823033	NaN	NaN	0	1.330311	NaN	-10.4	40	NaN	NaN	3055538.0553569407	37728	43.485051860890785	1639	372080.06275465654	11854	29.004100761570005	1707
r_pp_light_00152.fits	0	60224.501425902825	2460224.501425903	NaN	NaN	0	1.331284	NaN	-10.4	40	NaN	NaN	2947975.597202794	36140	42.12924757281554	1648	386193.0822139971	13823	25.277908343125734	1702
r_pp_light_00153.fits	0	60224.50196973374	2460224.5019697337	NaN	NaN	0	1.332281	NaN	-10.3	40	NaN	NaN	3187062.676755155	37188	39.5220253164557	1975	384925.77740964264	11162	25.869367088607596	1975
r_pp_light_00154.fits	0	60224.50251273159	2460224.5025127316	NaN	NaN	0	1.333279	NaN	-10.4	40	NaN	NaN	3359971.03445038	36632	40.10035122930256	1993	385738.46884563233	10448	25.645557191948946	2037
r_pp_light_00155.fits	0	60224.50305680558	2460224.5030568056	NaN	NaN	0	1.33426	NaN	-10.3	40	NaN	NaN	3451741.9579741815	37458	38.3234106962664	1982	380956.29099584883	8451	26.106403466538275	2077
r_pp_light_00156.fits	0	60224.50359984953	2460224.5035998495	NaN	NaN	0	1.335265	NaN	-10.4	40	NaN	NaN	3076089.7303551184	35535	43.51401869158879	1712	379251.0540020575	12815	28.358068315665488	1698
r_pp_light_00157.fits	0	60224.50414386578	2460224.504143866	NaN	NaN	0	1.336248	NaN	-10.4	40	NaN	NaN	3180590.654218338	37604	40.51844365841334	1979	377638.2209912607	9988	27.65122072745391	2007
r_pp_light_00158.fits	0	60224.504688657355	2460224.5046886574	NaN	NaN	0	1.337259	NaN	-10.4	40	NaN	NaN	3289464.1803633305	38744	41.99230769230769	1950	376511.50332653924	9910	27.859555984555985	2072
r_pp_light_00159.fits	0	60224.50523237279	2460224.505232373	NaN	NaN	0	1.33827	NaN	-10.4	40	NaN	NaN	3770100.15576476	34874	38.91829639287266	2301	378178.62830190733	7798	28.659647614954878	2327
r_pp_light_00160.fits	0	60224.50577577576	2460224.5057757758	NaN	NaN	0	1.339262	NaN	-10.4	40	NaN	NaN	3533507.639502408	34976	40.905527638190954	1990	387509.3765220465	9387	26.24177545691906	1915
r_pp_light_00161.fits	0	60224.506319479086	2460224.506319479	NaN	NaN	0	1.340277	NaN	-10.4	40	NaN	NaN	3310127.258223529	36464	41.639662027833005	2012	393718.8727679786	12106	28.5605223505776	1991
r_pp_light_00162.fits	0	60224.50686376169	2460224.5068637617	NaN	NaN	0	1.341296	NaN	-10.4	40	NaN	NaN	3453704.703200199	36206	39.998993963782695	1988	391044.65667159663	10657	27.61243052046488	1979
r_pp_light_00163.fits	0	60224.50740675954	2460224.5074067595	NaN	NaN	0	1.342294	NaN	-10.4	40	NaN	NaN	3415636.5239297417	35073	38.47542627883651	1994	393271.1758289881	11320	27.022828784119106	2015
r_pp_light_00164.fits	0	60224.50795039348	2460224.5079503935	NaN	NaN	0	1.343317	NaN	-10.4	40	NaN	NaN	3608806.3378318558	37278	42.450538185545874	1951	397368.6281496304	9687	26.77359413202934	2045
r_pp_light_00165.fits	0	60224.508494641166	2460224.508494641	NaN	NaN	0	1.344343	NaN	-10.4	40	NaN	NaN	3698942.6691246387	34859	38.98118161925602	2285	406654.97831423604	10719	26.49561220225658	2393
r_pp_light_00166.fits	0	60224.509038333315	2460224.5090383333	NaN	NaN	0	1.345349	NaN	-10.4	40	NaN	NaN	3637371.8841230515	38873	39.87367357251137	1979	400157.2192629367	9796	25.540142517814726	2105
r_pp_light_00167.fits	0	60224.509581226856	2460224.509581227	NaN	NaN	0	1.346377	NaN	-10.4	40	NaN	NaN	3664689.5643860037	36278	41.87932739861523	2022	402261.563888874	9673	26.059903381642513	2070
r_pp_light_00168.fits	0	60224.51012613438	2460224.5101261344	NaN	NaN	0	1.34739	NaN	-10.4	40	NaN	NaN	3631412.262062273	38201	39.474421109316104	1857	407374.3276012568	10230	25.31503461918892	2022
r_pp_light_00169.fits	0	60224.51066903956	2460224.5106690396	NaN	NaN	0	1.348423	NaN	-10.4	40	NaN	NaN	3278275.500991574	38705	43.051901025950514	1657	401022.40808266326	12061	27.106533254855798	1699
r_pp_light_00170.fits	0	60224.51121270843	2460224.5112127084	NaN	NaN	0	1.349438	NaN	-10.4	40	NaN	NaN	3516559.3132647723	36405	41.050665301944726	1954	400034.10143341194	10403	26.574718275355217	2041
r_pp_light_00171.fits	0	60224.51175696775	2460224.5117569678	NaN	NaN	0	1.350478	NaN	-10.4	40	NaN	NaN	3452010.0166371455	34994	41.46039340776183	1881	394646.38615899254	10592	28.372787051087506	1977
r_pp_light_00172.fits	0	60224.512300613336	2460224.5123006133	NaN	NaN	0	1.351519	NaN	-10.4	40	NaN	NaN	3381830.980000811	35925	41.5310621242485	1996	387036.58945354697	10783	28.419678714859437	1992
r_pp_light_00173.fits	0	60224.512844745535	2460224.5128447455	NaN	NaN	0	1.352542	NaN	-10.4	40	NaN	NaN	3551370.8569770334	37125	40.394268774703555	2024	390987.0589482715	10052	26.001943634596696	2058
r_pp_light_00174.fits	0	60224.5133877201	2460224.51338772	NaN	NaN	0	1.353587	NaN	-10.4	40	NaN	NaN	3966782.4418308106	35591	38.21687260332339	2347	375998.45459526224	7159	27.93148880105402	2277
r_pp_light_00175.fits	0	60224.51393144671	2460224.5139314467	NaN	NaN	0	1.354614	NaN	-10.4	40	NaN	NaN	3776127.22234301	36425	40.79351184346035	1942	376955.5592003956	7789	28.035340965654555	2009
r_pp_light_00176.fits	0	60224.51447505783	2460224.514475058	NaN	NaN	0	1.355664	NaN	-10.4	40	NaN	NaN	3650697.3347111936	36477	40.52507522567703	1994	375338.13360615383	9503	28.042814960629922	2032
r_pp_light_00177.fits	0	60224.51501890039	2460224.5150189004	NaN	NaN	0	1.356694	NaN	-10.3	40	NaN	NaN	3690496.6038105167	36233	43.11284451378055	1923	376827.9182244424	9186	27.613164556962026	1975
r_pp_light_00178.fits	0	60224.515563761815	2460224.515563762	NaN	NaN	0	1.357752	NaN	-10.3	40	NaN	NaN	3651916.9522688864	35926	43.42570281124498	1992	378505.219164145	9174	25.86979670861568	2066
r_pp_light_00179.fits	0	60224.51610747678	2460224.516107477	NaN	NaN	0	1.35881	NaN	-10.4	40	NaN	NaN	3808813.74774316	37584	42.44873150105708	1892	393047.3179637424	8955	26.975561097256858	2005
r_pp_light_00180.fits	0	60224.51665044017	2460224.51665044	NaN	NaN	0	1.359845	NaN	-10.4	40	NaN	NaN	3715987.7489733556	36792	40.52190889370933	2305	400794.47249569924	9843	29.0033941450997	2357
r_pp_light_00181.fits	0	60224.5171941435	2460224.5171941435	NaN	NaN	0	1.360907	NaN	-10.4	40	NaN	NaN	3867514.113480966	38399	41.57006092254134	2298	404513.6762450972	8881	28.419882550335572	2384
r_pp_light_00182.fits	0	60224.517737349495	2460224.5177373495	NaN	NaN	0	1.361949	NaN	-10.4	40	NaN	NaN	4007612.8325336287	36754	41.3941637630662	2296	406510.08221152256	8855	29.277683134582624	2348
r_pp_light_00183.fits	0	60224.518280845135	2460224.518280845	NaN	NaN	0	1.363015	NaN	-10.4	40	NaN	NaN	3888578.821758343	37165	39.642205818497615	2303	409743.14627642947	9805	28.15135834411384	2319
r_pp_light_00184.fits	0	60224.51882371539	2460224.5188237154	NaN	NaN	0	1.364082	NaN	-10.4	40	NaN	NaN	3738866.466173929	37145	44.563894523326574	1972	409338.7374868459	10544	27.267848101265823	1975
r_pp_light_00185.fits	0	60224.519367789384	2460224.5193677894	NaN	NaN	0	1.365132	NaN	-10.4	40	NaN	NaN	4232688.806083801	37096	39.19496021220159	2262	415720.8478754432	7859	28.01271186440678	2360
r_pp_light_00186.fits	0	60224.519911122974	2460224.519911123	NaN	NaN	0	1.366204	NaN	-10.4	40	NaN	NaN	4131881.559112015	38295	40.26121723678365	2251	417811.69570434577	9830	27.014321819713565	2374
r_pp_light_00187.fits	0	60224.520454872865	2460224.520454873	NaN	NaN	0	1.367258	NaN	-10.4	40	NaN	NaN	4054555.28228792	35792	40.301690507152145	2307	419190.40658546385	8630	28.371647509578544	2349
r_pp_light_00188.fits	0	60224.52100047469	2460224.5210004747	NaN	NaN	0	1.36834	NaN	-10.4	40	NaN	NaN	4087597.5104042618	36063	40.46269907795474	2386	414200.3283965381	9060	26.458643507030605	2418
r_pp_light_00189.fits	0	60224.521543785	2460224.521543785	NaN	NaN	0	1.369396	NaN	-10.4	40	NaN	NaN	4088957.2930652676	37543	41.03384747215081	2334	413269.90028391924	8760	28.544788975021532	2322
r_pp_light_00190.fits	0	60224.52208741894	2460224.522087419	NaN	NaN	0	1.370478	NaN	-10.4	40	NaN	NaN	3918217.44051435	37740	40.61871138570168	2266	418526.5723888458	10449	28.315654405474763	2338
r_pp_light_00191.fits	0	60224.52263093786	2460224.522630938	NaN	NaN	0	1.371539	NaN	-10.4	40	NaN	NaN	4075822.331444301	37317	40.619442022667826	2294	415865.34778568265	8642	26.963583089158643	2389
r_pp_light_00192.fits	0	60224.523174733855	2460224.523174734	NaN	NaN	0	1.372626	NaN	-10.3	40	NaN	NaN	4115202.717077457	38043	42.01851851851852	2268	415125.9126953103	9820	27.111203665139524	2401
r_pp_light_00193.fits	0	60224.52371776616	2460224.523717766	NaN	NaN	0	1.373714	NaN	-10.4	40	NaN	NaN	5202715.978058302	36143	36.560307383895754	2993	418349.00278227037	4917	27.027123022279625	3097
r_pp_light_00194.fits	0	60224.524261481594	2460224.5242614816	NaN	NaN	0	1.374782	NaN	-10.3	40	NaN	NaN	4361991.210991162	37000	42.92882721575649	2234	412796.4497504118	7506	27.975260416666668	2304
r_pp_light_00195.fits	0	60224.524804907385	2460224.5248049074	NaN	NaN	0	1.375852	NaN	-10.3	40	NaN	NaN	4202431.155257611	38902	42.90238611713666	2305	414593.4725931909	8774	28.549765057667663	2341
r_pp_light_00196.fits	0	60224.52534870384	2460224.525348704	NaN	NaN	0	1.376947	NaN	-10.4	40	NaN	NaN	4145426.966587862	37023	42.85978494623656	2325	417259.7643241473	9397	27.04886561954625	2292
r_pp_light_00197.fits	0	60224.52589156246	2460224.5258915625	NaN	NaN	0	1.378043	NaN	-10.4	40	NaN	NaN	4017853.7781445226	37689	41.56222802436902	2298	404723.2367756023	9680	28.138698630136986	2336
r_pp_light_00198.fits	0	60224.52643718757	2460224.5264371876	NaN	NaN	0	1.379123	NaN	-10.4	40	NaN	NaN	4175113.3641742226	36962	42.56382079459002	2366	402448.32185427094	8639	27.573231185218567	2219
r_pp_light_00199.fits	0	60224.52698016213	2460224.526980162	NaN	NaN	0	1.380223	NaN	-10.4	40	NaN	NaN	3943679.501864774	38310	42.691866028708134	2090	406266.73476560175	9931	28.08221797323136	2092
r_pp_light_00200.fits	0	60224.52752399305	2460224.527523993	NaN	NaN	0	1.381304	NaN	-10.4	40	NaN	NaN	4261961.346647778	36030	40.47709251101322	2270	406129.10836412193	8763	28.427736006683375	2394
r_pp_light_00201.fits	0	60224.528067419305	2460224.5280674193	NaN	NaN	0	1.382411	NaN	-10.3	40	NaN	NaN	4224770.746772772	37167	40.605460149713785	2271	411332.9661064004	8419	26.261771058315336	2315
r_pp_light_00202.fits	0	60224.52861226862	2460224.5286122686	NaN	NaN	0	1.383498	NaN	-10.3	40	NaN	NaN	4500440.714008301	37410	41.90837696335078	2292	392219.8072297961	6890	28.539434837621258	2371
r_pp_light_00203.fits	0	60224.529155694414	2460224.5291556944	NaN	NaN	0	1.384607	NaN	-10.4	40	NaN	NaN	3880531.096857815	39226	42.5	1930	381335.3026463514	8791	28.394894894894893	1998
r_pp_light_00204.fits	0	60224.52969932882	2460224.529699329	NaN	NaN	0	1.385697	NaN	-10.4	40	NaN	NaN	3563117.064744013	37179	43.81592827004219	1896	380134.5153356445	10749	29.549209586945437	1961
r_pp_light_00205.fits	0	60224.530242731795	2460224.530242732	NaN	NaN	0	1.38681	NaN	-10.4	40	NaN	NaN	3850084.7755336715	39475	42.32390745501285	1945	384417.0572618642	9632	28.018737672583825	2028
r_pp_light_00206.fits	0	60224.53078672476	2460224.5307867248	NaN	NaN	0	1.387904	NaN	-10.4	40	NaN	NaN	4043870.782429713	37850	41.95100127822752	2347	399108.87162092107	8946	29.427008834665546	2377
r_pp_light_00207.fits	0	60224.53133075265	2460224.5313307527	NaN	NaN	0	1.389024	NaN	-10.4	40	NaN	NaN	3572934.560915931	39187	45.528140703517586	1990	414638.3515190816	13307	28.025717111770525	2022
r_pp_light_00208.fits	0	60224.53187538218	2460224.531875382	NaN	NaN	0	1.390122	NaN	-10.4	40	NaN	NaN	3711044.1315558883	37108	43.830866807610995	1892	406624.64114901866	11174	27.753474009264025	1943
r_pp_light_00209.fits	0	60224.53241872694	2460224.532418727	NaN	NaN	0	1.391245	NaN	-10.4	40	NaN	NaN	3983018.698710253	38733	44.996768982229405	1857	402425.5464636925	9926	28.323543808125304	2043
r_pp_light_00210.fits	0	60224.53296236135	2460224.5329623614	NaN	NaN	0	1.39237	NaN	-10.4	40	NaN	NaN	3708815.995526454	40106	45.05080605764533	2047	413138.2602003419	12120	28.917043740573153	1989
r_pp_light_00211.fits	0	60224.53350570612	2460224.533505706	NaN	NaN	0	1.393472	NaN	-10.3	40	NaN	NaN	3706067.1296717734	38344	46.545135406218655	1994	413250.2626985964	12064	28.92380009896091	2021
r_pp_light_00212.fits	0	60224.53404927114	2460224.534049271	NaN	NaN	0	1.394603	NaN	-10.4	40	NaN	NaN	3672225.3080290137	41144	44.96357106208312	1949	415316.51171417563	13521	29.359430604982208	1967
r_pp_light_00213.fits	0	60224.534592974465	2460224.5345929745	NaN	NaN	0	1.39571	NaN	-10.3	40	NaN	NaN	3748901.45380603	37737	45.80500521376434	1918	413911.93750575196	12074	28.453996983408747	1989
r_pp_light_00214.fits	0	60224.53513637744	2460224.5351363774	NaN	NaN	0	1.396841	NaN	-10.4	40	NaN	NaN	4239178.03253655	39014	42.957702582368654	2246	412276.3602516275	9375	28.561532192339037	2454
r_pp_light_00215.fits	0	60224.53568006959	2460224.5356800696	NaN	NaN	0	1.397953	NaN	-10.4	40	NaN	NaN	4073834.8627461996	35992	40.998711340206185	2328	415190.8828625564	10318	25.82918874847126	2453
r_pp_light_00216.fits	0	60224.53622307908	2460224.536223079	NaN	NaN	0	1.399066	NaN	-10.4	40	NaN	NaN	4564606.981906385	37119	40.159385113268605	2472	412670.0554635918	7700	27.016084739113378	2549
r_pp_light_00217.fits	0	60224.53676719917	2460224.536767199	NaN	NaN	0	1.400205	NaN	-10.4	40	NaN	NaN	4093756.032020497	38974	41.43769539973202	2239	407617.55849253095	9459	26.93556381660471	2421
r_pp_light_00218.fits	0	60224.53731190972	2460224.5373119097	NaN	NaN	0	1.401349	NaN	-10.3	40	NaN	NaN	3840710.1213278873	40983	45.950025497195305	1961	414956.1063831256	11402	28.9561792220581	2031
r_pp_light_00219.fits	0	60224.5378558333	2460224.5378558333	NaN	NaN	0	1.40247	NaN	-10.4	40	NaN	NaN	3804724.5324154063	38323	46.04730077120823	1945	415678.1845561981	11888	29.5022807906741	1973
r_pp_light_00220.fits	0	60224.53839945607	2460224.538399456	NaN	NaN	0	1.403614	NaN	-10.4	40	NaN	NaN	3889507.2128968495	38085	44.52560240963855	1992	417422.1811820969	11439	28.944417117560256	2033
r_pp_light_00221.fits	0	60224.53894306719	2460224.538943067	NaN	NaN	0	1.404738	NaN	-10.4	40	NaN	NaN	3899242.6363913645	40288	46.083109919571044	1865	417649.14791283524	11309	27.9	1960
r_pp_light_00222.fits	0	60224.53948668996	2460224.53948669	NaN	NaN	0	1.405886	NaN	-10.3	40	NaN	NaN	4113249.070043026	36835	41.95913978494624	2325	415453.0317000034	10069	28.990767939571967	2383
r_pp_light_00223.fits	0	60224.54003034718	2460224.540030347	NaN	NaN	0	1.407014	NaN	-10.3	40	NaN	NaN	4037142.9100839067	41564	43.4729907773386	2277	417987.1494811961	10036	29.56090160381448	2307
r_pp_light_00224.fits	0	60224.540573738515	2460224.5405737385	NaN	NaN	0	1.408165	NaN	-10.3	40	NaN	NaN	4085261.1274263193	37471	43.41875825627477	2271	414716.85413408553	10832	28.916631400761744	2363
r_pp_light_00225.fits	0	60224.541117396206	2460224.541117396	NaN	NaN	0	1.409297	NaN	-10.3	40	NaN	NaN	4054432.191071629	38321	46.96780786918753	1957	410658.68463704054	10149	30.376674937965262	2015
r_pp_light_00226.fits	0	60224.54166072933	2460224.5416607293	NaN	NaN	0	1.410452	NaN	-10.4	40	NaN	NaN	3695267.581459478	38214	45.500260552371024	1919	405813.9751569313	12232	29.7479797979798	1980
r_pp_light_00227.fits	0	60224.54220440984	2460224.54220441	NaN	NaN	0	1.411587	NaN	-10.4	40	NaN	NaN	3773459.498085322	41959	46.82970822281167	1885	400710.2282603177	12154	30.659456740442657	1988
r_pp_light_00228.fits	0	60224.54274924798	2460224.542749248	NaN	NaN	0	1.412725	NaN	-10.3	40	NaN	NaN	3654323.859726719	42619	46.95075955997905	1909	397202.1589992433	11768	30.34771573604061	1970
r_pp_light_00229.fits	0	60224.54329241905	2460224.543292419	NaN	NaN	0	1.413886	NaN	-10.4	40	NaN	NaN	3644449.3169624703	40145	46.46424759871932	1874	392084.1390543201	12566	31.59515570934256	2023
r_pp_light_00230.fits	0	60224.54383615777	2460224.543836158	NaN	NaN	0	1.415052	NaN	-10.4	40	NaN	NaN	3372479.8763548764	41385	49.96092362344583	1689	378614.8213161081	14175	30.478831246273106	1677
r_pp_light_00231.fits	0	60224.544379190076	2460224.54437919	NaN	NaN	0	1.416193	NaN	-10.4	40	NaN	NaN	3488766.533347367	39573	45.86640079760718	2006	374915.74170396366	11698	30.159821870361206	2021
r_pp_light_00232.fits	0	60224.544923240785	2460224.544923241	NaN	NaN	0	1.417364	NaN	-10.4	40	NaN	NaN	3443789.6372323874	38711	46.851619644723094	1914	366943.9197180492	11381	31.874479166666667	1920
r_pp_light_00233.fits	0	60224.54546622699	2460224.545466227	NaN	NaN	0	1.418509	NaN	-10.4	40	NaN	NaN	3595573.3375190105	39735	46.948769462581616	1991	353648.81208122894	9948	30.94287133631396	2013
r_pp_light_00234.fits	0	60224.546010370366	2460224.5460103704	NaN	NaN	0	1.419681	NaN	-10.4	40	NaN	NaN	3775102.496985598	40129	47.52246340232206	1981	383085.75216609857	10313	28.581892166836216	1966
r_pp_light_00235.fits	0	60224.54655331047	2460224.5465533105	NaN	NaN	0	1.420828	NaN	-10.4	40	NaN	NaN	3667707.450033028	39833	46.77506361323155	1965	402303.89526428084	13528	29.935798664612225	1947
r_pp_light_00236.fits	0	60224.54709703708	2460224.547097037	NaN	NaN	0	1.42198	NaN	-10.4	40	NaN	NaN	3715638.2908849474	39031	45.977987421383645	1908	401180.09591725783	12114	29.413654618473895	1992
r_pp_light_00237.fits	0	60224.547640613746	2460224.5476406137	NaN	NaN	0	1.423157	NaN	-10.4	40	NaN	NaN	3646327.5680305357	41159	46.34739941118744	2038	402653.5587119604	12607	29.065934065934066	2002
r_pp_light_00238.fits	0	60224.54818589147	2460224.5481858915	NaN	NaN	0	1.424316	NaN	-10.4	40	NaN	NaN	3901745.457823909	41702	47.222863135815416	1907	407787.5408478633	11622	28.87158746208291	1978
r_pp_light_00239.fits	0	60224.54872928234	2460224.5487292823	NaN	NaN	0	1.425496	NaN	-10.4	40	NaN	NaN	3708254.4673651154	38989	46.43074581430746	1971	410237.45642812067	13076	30.034024455077088	1881
r_pp_light_00240.fits	0	60224.54927336797	2460224.549273368	NaN	NaN	0	1.426656	NaN	-10.3	40	NaN	NaN	3906253.2132895296	37222	47.35413495687468	1971	408050.76532783295	11187	28.52636968766001	1953
r_pp_light_00241.fits	0	60224.5498170834	2460224.5498170834	NaN	NaN	0	1.427841	NaN	-10.4	40	NaN	NaN	3719847.2363972287	40445	47.451977401129945	1947	402747.8923224752	11595	31.00049115913556	2036
r_pp_light_00242.fits	0	60224.55036085658	2460224.5503608566	NaN	NaN	0	1.429002	NaN	-10.4	40	NaN	NaN	3855946.277510319	37463	49.087046632124355	1930	398087.45347426814	10455	29.981425702811244	1992
r_pp_light_00243.fits	0	60224.5509044677	2460224.5509044677	NaN	NaN	0	1.430189	NaN	-10.4	40	NaN	NaN	3597205.896763403	39910	47.9849774661993	1997	393534.39250641636	12619	30.642752562225475	2049
r_pp_light_00244.fits	0	60224.55144748837	2460224.5514474884	NaN	NaN	0	1.431354	NaN	-10.4	40	NaN	NaN	3519469.3843553886	38898	46.54216244180031	1933	391686.4057214086	14106	30.085106382978722	2021
r_pp_light_00245.fits	0	60224.55199126154	2460224.5519912615	NaN	NaN	0	1.43252	NaN	-10.4	40	NaN	NaN	3723927.1435933635	41665	44.82697334030319	1913	381058.0059682877	10156	29.763779527559056	2032
r_pp_light_00246.fits	0	60224.552535139024	2460224.552535139	NaN	NaN	0	1.433714	NaN	-10.4	40	NaN	NaN	3890801.8852180573	39223	48.91044012282497	1954	383364.6840726488	10576	33.086558044806516	1964
r_pp_light_00247.fits	0	60224.55307875015	2460224.55307875	NaN	NaN	0	1.434883	NaN	-10.4	40	NaN	NaN	3854406.100625304	41074	48.871120462914256	1901	377024.8980314046	10145	31.514861460957178	1985
r_pp_light_00248.fits	0	60224.55362349562	2460224.5536234956	NaN	NaN	0	1.436084	NaN	-10.4	40	NaN	NaN	3664089.71154112	38489	47.95216049382716	1944	373490.4212592083	11920	32.00051948051948	1925
r_pp_light_00249.fits	0	60224.554166400805	2460224.554166401	NaN	NaN	0	1.437255	NaN	-10.4	40	NaN	NaN	3667464.460521383	39697	49.051321138211385	1968	366122.180776345	10316	31.46448645886561	1957
r_pp_light_00250.fits	0	60224.55471032439	2460224.5547103244	NaN	NaN	0	1.438458	NaN	-10.4	40	NaN	NaN	3672257.1745071146	39826	49.39217758985201	1892	367907.30455429194	10465	33.94621513944223	2008
r_pp_light_00251.fits	0	60224.55525378464	2460224.5552537846	NaN	NaN	0	1.439633	NaN	-10.4	40	NaN	NaN	3945975.777415131	39952	48.10785340314136	1910	372440.21651188616	8917	32.4485	2000
r_pp_light_00252.fits	0	60224.55579770869	2460224.5557977087	NaN	NaN	0	1.440837	NaN	-10.4	40	NaN	NaN	3860589.9217665726	41423	49.79643765903308	1965	391446.965205938	11203	33.1943056943057	2002
r_pp_light_00253.fits	0	60224.55634087976	2460224.5563408798	NaN	NaN	0	1.442015	NaN	-10.4	40	NaN	NaN	4203569.530646063	39273	46.86746987951807	2241	399972.6755444063	8855	32.11058109280139	2306
r_pp_light_00254.fits	0	60224.55688505806	2460224.556885058	NaN	NaN	0	1.443197	NaN	-10.4	40	NaN	NaN	4273663.981388626	38703	46.94099650349651	2288	411425.54856324475	9451	32.387797743418304	2393
r_pp_light_00255.fits	0	60224.55742858816	2460224.557428588	NaN	NaN	0	1.444408	NaN	-10.4	40	NaN	NaN	4098470.4273094237	38544	46.46608315098468	2285	411080.7987397938	10837	31.613848202396806	2253
r_pp_light_00256.fits	0	60224.55797234969	2460224.5579723497	NaN	NaN	0	1.445592	NaN	-10.4	40	NaN	NaN	3954134.914213299	40048	50.59645569620253	1975	407726.2339560818	11869	30.98076923076923	1976
r_pp_light_00257.fits	0	60224.55851619225	2460224.5585161922	NaN	NaN	0	1.446807	NaN	-10.4	40	NaN	NaN	3889258.422793224	37862	50.998484082870135	1979	411215.9606944968	12672	33.07092907092907	2002
r_pp_light_00258.fits	0	60224.55906116916	2460224.559061169	NaN	NaN	0	1.447997	NaN	-10.4	40	NaN	NaN	4020916.004163533	40884	48.42532299741602	1935	411939.8104395764	10959	30.025563909774437	1995
r_pp_light_00259.fits	0	60224.559604687616	2460224.5596046876	NaN	NaN	0	1.449211	NaN	-10.4	40	NaN	NaN	3781033.222445555	42187	49.049479166666664	1920	413796.0836822945	13538	30.327420172326406	1973
r_pp_light_00260.fits	0	60224.56014840305	2460224.560148403	NaN	NaN	0	1.450402	NaN	-10.4	40	NaN	NaN	4085712.7244003257	39004	47.98913043478261	2208	418792.01122650196	11113	33.525182953077916	2323
r_pp_light_00261.fits	0	60224.560691423714	2460224.5606914237	NaN	NaN	0	1.451593	NaN	-10.4	40	NaN	NaN	3941037.347383473	40331	49.95056065239552	1962	412346.00234086224	12214	30.969056214543578	1939
r_pp_light_00262.fits	0	60224.561236412264	2460224.5612364123	NaN	NaN	0	1.452818	NaN	-10.4	40	NaN	NaN	3539842.9736880246	43041	56.91288343558282	1630	415702.6326629814	14203	33.4115925058548	1708
r_pp_light_00263.fits	0	60224.56177937519	2460224.561779375	NaN	NaN	0	1.454014	NaN	-10.4	40	NaN	NaN	3650506.3149191863	39453	49.7690329218107	1944	418920.6415143559	14457	33.01632047477745	2022
r_pp_light_00264.fits	0	60224.56232309062	2460224.5623230906	NaN	NaN	0	1.455239	NaN	-10.4	40	NaN	NaN	3840558.3414571076	38890	51.90852390852391	1924	415063.27922918426	12335	32.40194572452637	1953
r_pp_light_00265.fits	0	60224.562866261695	2460224.5628662617	NaN	NaN	0	1.456436	NaN	-10.4	40	NaN	NaN	3629844.396272709	40578	48.041819132253	1913	415357.56578783714	13520	30.94009713977334	1853
r_pp_light_00266.fits	0	60224.56340945605	2460224.563409456	NaN	NaN	0	1.457635	NaN	-10.4	40	NaN	NaN	3735329.4857402346	46589	50.349548645937816	1994	409824.4851213738	13527	31.993554784333167	2017
r_pp_light_00267.fits	0	60224.563952407334	2460224.5639524073	NaN	NaN	0	1.458861	NaN	-10.3	40	NaN	NaN	3738363.5179837276	42627	50.963525835866264	1974	420440.31251512974	12838	31.948938321536907	1978
r_pp_light_00268.fits	0	60224.56449730322	2460224.564497303	NaN	NaN	0	1.460066	NaN	-10.4	40	NaN	NaN	3713717.2685034275	40388	51.58061224489796	1960	414228.46848499397	12444	33.00526315789474	1900
r_pp_light_00269.fits	0	60224.565040243324	2460224.5650402433	NaN	NaN	0	1.461297	NaN	-10.4	40	NaN	NaN	3697678.411876991	40233	50.483804627249356	1945	407359.52172945	12926	31.827405857740587	1912
r_pp_light_00270.fits	0	60224.565583947115	2460224.565583947	NaN	NaN	0	1.462503	NaN	-10.4	40	NaN	NaN	3698639.575700319	41346	51.85757729346173	1973	405536.73491490685	12859	33.1107124551512	1951
r_pp_light_00271.fits	0	60224.56612697942	2460224.5661269794	NaN	NaN	0	1.463732	NaN	-10.4	40	NaN	NaN	3556670.6078237775	40839	51.57022332506204	2015	404924.29192780686	15654	31.869727709556862	1873
r_pp_light_00272.fits	0	60224.56667121546	2460224.5666712155	NaN	NaN	0	1.464942	NaN	-10.4	40	NaN	NaN	3743635.2111190045	37548	51.63520408163265	1960	402382.7156667928	12294	32.92973523421588	1964
r_pp_light_00273.fits	0	60224.567215139046	2460224.567215139	NaN	NaN	0	1.466155	NaN	-10.4	40	NaN	NaN	3816961.3080513547	39165	51.37108792846498	2013	412943.62910836755	12300	32.124257158292814	1851
r_pp_light_00274.fits	0	60224.56775890058	2460224.5677589006	NaN	NaN	0	1.467393	NaN	-10.4	40	NaN	NaN	3679593.0761484522	39520	51.68805425143454	1917	425428.18182006956	14222	31.89159622078568	2011
r_pp_light_00275.fits	0	60224.56830254663	2460224.5683025466	NaN	NaN	0	1.468608	NaN	-10.4	40	NaN	NaN	3847370.5602733074	39318	52.426758328926496	1891	417557.63539396063	12373	33.95292368681863	2018
r_pp_light_00276.fits	0	60224.56884629652	2460224.5688462965	NaN	NaN	0	1.469846	NaN	-10.4	40	NaN	NaN	3803877.6171051925	40361	51.28300921187308	1954	422522.51112696144	14171	33.64439768542872	1901
r_pp_light_00277.fits	0	60224.56938982662	2460224.5693898266	NaN	NaN	0	1.471061	NaN	-10.4	40	NaN	NaN	3730946.938397547	41088	51.47233606557377	1952	426227.41233795224	15088	33.51817716333846	1953
r_pp_light_00278.fits	0	60224.5699347686	2460224.5699347686	NaN	NaN	0	1.47231	NaN	-10.4	40	NaN	NaN	3707470.796575172	37199	52.581725888324875	1970	424210.06515784975	13466	32.370591157476404	2013
r_pp_light_00279.fits	0	60224.57047834527	2460224.5704783453	NaN	NaN	0	1.473528	NaN	-10.4	40	NaN	NaN	3865806.989213144	37807	52.43153969099627	1877	417483.2026199085	12725	34.33684210526316	1995
r_pp_light_00280.fits	0	60224.57102164347	2460224.5710216435	NaN	NaN	0	1.474746	NaN	-10.4	40	NaN	NaN	3774400.9125467143	39809	53.52609819121447	1935	425927.77804064157	13355	32.48659585230147	1977
r_pp_light_00281.fits	0	60224.571565451566	2460224.5715654516	NaN	NaN	0	1.475994	NaN	-10.4	40	NaN	NaN	4113818.9692449025	41306	49.87982456140351	2280	425566.5434068693	11351	34.60338101430429	2307
r_pp_light_00282.fits	0	60224.57210915536	2460224.5721091554	NaN	NaN	0	1.477216	NaN	-10.4	40	NaN	NaN	3908748.674054194	39787	54.05504115226338	1944	424149.1487867917	11540	34.040140491721026	1993
r_pp_light_00283.fits	0	60224.57265232643	2460224.5726523264	NaN	NaN	0	1.478438	NaN	-10.4	40	NaN	NaN	4050399.0152005856	39172	51.00993723849373	1912	420659.38483236934	10807	34.49848942598187	1986
r_pp_light_00284.fits	0	60224.57319596084	2460224.573195961	NaN	NaN	0	1.479692	NaN	-10.4	40	NaN	NaN	4195292.787209687	36548	49.90583554376658	2262	425504.6657857435	11234	33.50194216659474	2317
r_pp_light_00285.fits	0	60224.573738981504	2460224.5737389815	NaN	NaN	0	1.480913	NaN	-10.4	40	NaN	NaN	4256041.243157136	37724	49.4404347826087	2300	427206.63832887827	10529	34.354809843400446	2235
r_pp_light_00286.fits	0	60224.57428260427	2460224.5742826043	NaN	NaN	0	1.48217	NaN	-10.4	40	NaN	NaN	4748732.031475179	38481	46.571072319201996	2406	424969.676818787	7497	34.08808080808081	2475
r_pp_light_00287.fits	0	60224.57482598396	2460224.574825984	NaN	NaN	0	1.483398	NaN	-10.4	40	NaN	NaN	4461575.391947554	37177	49.40424628450106	2355	421865.2913575214	8930	32.86237750319557	2347
r_pp_light_00288.fits	0	60224.57537084492	2460224.575370845	NaN	NaN	0	1.48463	NaN	-10.4	40	NaN	NaN	5044879.364184171	38840	47.59585272958104	2363	420313.19674642355	6616	34.4330612244898	2450
r_pp_light_00289.fits	0	60224.575914745685	2460224.5759147457	NaN	NaN	0	1.485888	NaN	-10.4	40	NaN	NaN	4325742.5106240325	41280	49.393858477970625	2247	421845.8174779372	10639	32.92366071428572	2240
r_pp_light_00290.fits	0	60224.576458923984	2460224.576458924	NaN	NaN	0	1.487121	NaN	-10.4	40	NaN	NaN	4133344.3014808083	41844	55.171866737176096	1891	421172.01650626166	11088	34.94488977955912	1996
r_pp_light_00291.fits	0	60224.577002071775	2460224.577002072	NaN	NaN	0	1.488384	NaN	-10.4	40	NaN	NaN	4224600.293320888	37466	51.57052220595413	2049	419789.68766069226	10197	34.45028409090909	2112
r_pp_light_00292.fits	0	60224.57754591433	2460224.5775459143	NaN	NaN	0	1.489615	NaN	-10.4	40	NaN	NaN	4430382.870021345	36862	49.52985074626866	2278	418174.8697739943	10266	33.912325285895804	2361
r_pp_light_00293.fits	0	60224.57808952546	2460224.5780895255	NaN	NaN	0	1.490854	NaN	-10.4	40	NaN	NaN	4235404.12202024	40007	50.85151369533878	2081	420797.8277765879	9509	32.092592592592595	2106
r_pp_light_00294.fits	0	60224.578633205965	2460224.578633206	NaN	NaN	0	1.492117	NaN	-10.4	40	NaN	NaN	4200801.9441255145	37832	49.68153980752406	2286	420067.1373967466	10452	32.66016471608149	2307
r_pp_light_00295.fits	0	60224.57917697914	2460224.579176979	NaN	NaN	0	1.493355	NaN	-10.4	40	NaN	NaN	4317005.379429505	37750	49.57395429064252	2319	417777.11164313945	9375	32.444010416666664	2304
r_pp_light_00296.fits	0	60224.579720729496	2460224.5797207295	NaN	NaN	0	1.494591	NaN	-10.4	40	NaN	NaN	4230723.416897455	36734	48.988490482514386	2259	419690.03088538046	9832	32.78761447884867	2293
r_pp_light_00297.fits	0	60224.58026484959	2460224.5802648496	NaN	NaN	0	1.495862	NaN	-10.4	40	NaN	NaN	4226520.799750773	36556	48.45033407572383	2245	417014.677241517	9380	34.42292314526877	2251
r_pp_light_00298.fits	0	60224.58080979204	2460224.580809792	NaN	NaN	0	1.497106	NaN	-10.4	40	NaN	NaN	4468567.659815459	37831	49.93887945670628	2356	418979.6799372408	8708	34.63956043956044	2275
r_pp_light_00299.fits	0	60224.581352858804	2460224.581352859	NaN	NaN	0	1.498347	NaN	-10.4	40	NaN	NaN	4242903.8806718	39179	49.62461673236969	2283	423579.0388817896	10716	33.89184549356223	2330
r_pp_light_00300.fits	0	60224.58189653931	2460224.5818965393	NaN	NaN	0	1.499617	NaN	-10.4	40	NaN	NaN	4199659.9981350545	37529	50.152828467153284	2192	421213.53097945993	10986	34.02276559865093	2372
r_pp_light_00301.fits	0	60224.582439664286	2460224.5824396643	NaN	NaN	0	1.50086	NaN	-10.4	40	NaN	NaN	3885864.7765957112	38425	53.536623376623375	1925	413353.0203074313	12166	33.451171875	2048
r_pp_light_00302.fits	0	60224.58298289357	2460224.5829828936	NaN	NaN	0	1.502132	NaN	-10.4	40	NaN	NaN	4018014.61158371	37433	47.59470026064292	2302	418654.28806151974	12182	33.08239375542064	2306
r_pp_light_00303.fits	0	60224.58352664346	2460224.5835266435	NaN	NaN	0	1.503374	NaN	-10.4	40	NaN	NaN	4383767.4425358325	38213	49.63746630727763	2226	417255.6225503319	9075	35.460303300624446	2242
r_pp_light_00304.fits	0	60224.584070266224	2460224.584070266	NaN	NaN	0	1.504625	NaN	-10.4	40	NaN	NaN	3781685.2751250383	38298	53.53120165033523	1939	419598.99974671484	12492	35.62762148337596	1955
r_pp_light_00305.fits	0	60224.5846136692	2460224.584613669	NaN	NaN	0	1.5059	NaN	-10.4	40	NaN	NaN	4191254.3736941526	40473	48.97136563876652	2270	420524.26557996706	10622	34.543758329631274	2251
r_pp_light_00306.fits	0	60224.5851575234	2460224.5851575234	NaN	NaN	0	1.50715	NaN	-10.3	40	NaN	NaN	3813632.0007363395	39083	54.29591308846353	1933	417293.4300750316	12185	34.53199174406605	1938
r_pp_light_00307.fits	0	60224.5857010535	2460224.5857010535	NaN	NaN	0	1.5084	NaN	-10.4	40	NaN	NaN	3999785.7670678236	39763	50.03375733855186	2044	416499.47086415783	12234	35.161688003793266	2109
r_pp_light_00308.fits	0	60224.58624608815	2460224.586246088	NaN	NaN	0	1.509681	NaN	-10.4	40	NaN	NaN	4255619.58104652	38835	49.59948096885813	2312	415835.0856569428	10335	35.57124068391057	2281
r_pp_light_00309.fits	0	60224.58679001173	2460224.5867900117	NaN	NaN	0	1.510934	NaN	-10.4	40	NaN	NaN	4264132.8680310855	38277	51.05465675557499	2287	416837.9833763239	9377	35.51401050788091	2284
r_pp_light_00310.fits	0	60224.58733385429	2460224.5873338543	NaN	NaN	0	1.512183	NaN	-10.4	40	NaN	NaN	4297905.099763168	36787	50.38103756708408	2236	416687.40727748326	9475	35.36695278969957	2330
r_pp_light_00311.fits	0	60224.58787746541	2460224.5878774654	NaN	NaN	0	1.513464	NaN	-10.4	40	NaN	NaN	4071052.9906318393	37723	55.56443298969072	1940	421384.43347629724	11428	36.19218910585817	1946
r_pp_light_00312.fits	0	60224.58842201391	2460224.588422014	NaN	NaN	0	1.514721	NaN	-10.3	40	NaN	NaN	4159153.57529098	38175	50.5871694417238	2042	423549.5040266711	10783	34.98837209302326	2064
r_pp_light_00313.fits	0	60224.58896603016	2460224.58896603	NaN	NaN	0	1.515977	NaN	-10.4	40	NaN	NaN	4750241.477974005	37375	49.973148901545976	2458	414852.3590431949	7850	35.428630193336076	2431
r_pp_light_00314.fits	0	60224.58951025456	2460224.5895102546	NaN	NaN	0	1.517235	NaN	-10.4	40	NaN	NaN	4258225.361436617	37876	50.55953446732319	2234	408603.79434958694	10191	35.46833184656557	2242
r_pp_light_00315.fits	0	60224.590053819586	2460224.5900538196	NaN	NaN	0	1.51852	NaN	-10.4	40	NaN	NaN	4109295.0359742674	37442	51.53168402777778	2304	402628.13098771137	9738	36.47110332749562	2284
r_pp_light_00316.fits	0	60224.59059741907	2460224.590597419	NaN	NaN	0	1.519773	NaN	-10.4	40	NaN	NaN	3916049.4930816744	40358	55.90130548302872	1915	399465.5558659555	10451	37.61334028139656	1919
r_pp_light_00317.fits	0	60224.59114041692	2460224.591140417	NaN	NaN	0	1.521062	NaN	-10.4	40	NaN	NaN	4088865.8018543446	38440	54.910667367314765	1903	402706.71354506497	9261	36.18857142857143	1925
r_pp_light_00318.fits	0	60224.59168547485	2460224.591685475	NaN	NaN	0	1.522325	NaN	-10.4	40	NaN	NaN	4139935.934557431	36751	51.83134657836644	2265	408649.7224172972	10176	36.509360034828035	2297
r_pp_light_00319.fits	0	60224.59222891228	2460224.5922289123	NaN	NaN	0	1.523608	NaN	-10.4	40	NaN	NaN	4100711.7891957797	39815	52.34909412284578	2263	414069.1747794935	10626	35.790206648697215	2226
r_pp_light_00320.fits	0	60224.592772662174	2460224.592772662	NaN	NaN	0	1.52487	NaN	-10.4	40	NaN	NaN	4189163.733393494	37577	50.38147268408551	2105	409905.40016137215	9742	35.972209138012246	2123
r_pp_light_00321.fits	0	60224.59331653966	2460224.5933165397	NaN	NaN	0	1.526132	NaN	-10.4	40	NaN	NaN	4276890.2076026965	36482	51.49428962996802	2189	409516.64544450305	8832	36.01512532411409	2314
r_pp_light_00322.fits	0	60224.593860706314	2460224.5938607063	NaN	NaN	0	1.527423	NaN	-10.4	40	NaN	NaN	3881760.2536743553	40198	55.36717062634989	1852	408345.0817027828	11707	35.33514851485148	2020
r_pp_light_00323.fits	0	60224.594404328614	2460224.5944043286	NaN	NaN	0	1.528687	NaN	-10.4	40	NaN	NaN	3640516.504166568	39322	54.10445387062566	1886	409992.44044735504	12347	36.87823061630219	2012
r_pp_light_00324.fits	0	60224.594947997946	2460224.594947998	NaN	NaN	0	1.529946	NaN	-10.4	40	NaN	NaN	3862025.5444428464	41248	54.58583247156153	1934	408538.0365984045	10443	35.45078243311459	1981
r_pp_light_00325.fits	0	60224.595492048655	2460224.5954920487	NaN	NaN	0	1.531212	NaN	-10.4	40	NaN	NaN	4084049.4257071195	37972	50.53995680345572	2315	411899.9409099957	10106	36.46420729029425	2277
r_pp_light_00326.fits	0	60224.596036226954	2460224.596036227	NaN	NaN	0	1.532506	NaN	-10.4	40	NaN	NaN	4140825.3988145078	36172	50.87898089171974	2198	411554.75607911363	9731	35.34903280067284	2378
r_pp_light_00327.fits	0	60224.59658001177	2460224.596580012	NaN	NaN	0	1.533772	NaN	-10.4	40	NaN	NaN	4322110.221880993	38607	49.49126735333632	2233	411112.93728412216	8814	34.0812472551603	2277
r_pp_light_00328.fits	0	60224.597125081345	2460224.5971250813	NaN	NaN	0	1.53507	NaN	-10.4	40	NaN	NaN	3743676.062029683	39770	53.05116741182315	2013	410706.408955683	11625	35.59129511677283	1884
r_pp_light_00329.fits	0	60224.5976686459	2460224.597668646	NaN	NaN	0	1.536337	NaN	-10.4	40	NaN	NaN	3835507.5059408946	39199	52.987878787878785	1980	412514.4779242522	11587	34.86414708886619	1958
r_pp_light_00330.fits	0	60224.59821278928	2460224.5982127893	NaN	NaN	0	1.537606	NaN	-10.4	40	NaN	NaN	4073553.3130240226	36370	52.860619469026545	2260	415609.0083060202	9917	37.36320346320346	2310
r_pp_light_00331.fits	0	60224.59875618061	2460224.5987561806	NaN	NaN	0	1.538869	NaN	-10.4	40	NaN	NaN	4211681.519289957	36597	52.333931777378815	2228	415654.4562261593	9513	36.523419736243746	2199
r_pp_light_00332.fits	0	60224.59930038219	2460224.599300382	NaN	NaN	0	1.540167	NaN	-10.4	40	NaN	NaN	4215919.1463257065	39751	51.6081200353045	2266	414484.1261552307	9643	36.30548302872063	2298
r_pp_light_00333.fits	0	60224.599843865726	2460224.5998438657	NaN	NaN	0	1.541436	NaN	-10.4	40	NaN	NaN	3965657.3935689563	37598	50.36444841447074	2239	416146.4675553899	11269	36.50219106047327	2282
r_pp_light_00334.fits	0	60224.60038774321	2460224.600387743	NaN	NaN	0	1.542734	NaN	-10.4	40	NaN	NaN	3784827.5881706155	37767	53.416235780765255	1934	417270.7194035833	12177	35.83571428571429	1960
r_pp_light_00335.fits	0	60224.60093075223	2460224.600930752	NaN	NaN	0	1.544003	NaN	-10.4	40	NaN	NaN	4113340.558959626	39029	51.50087336244542	2290	417201.3190720081	9242	36.6837294332724	2188
r_pp_light_00336.fits	0	60224.60147445602	2460224.601474456	NaN	NaN	0	1.545275	NaN	-10.4	40	NaN	NaN	3802005.3548888443	39908	54.53991596638655	1904	414194.4934339127	11851	37.09949494949495	1980
r_pp_light_00337.fits	0	60224.60201797448	2460224.6020179745	NaN	NaN	0	1.546568	NaN	-10.4	40	NaN	NaN	3639222.6037058146	39989	54.497681607418855	1941	415512.06824846775	12954	35.98262646908533	1957
r_pp_light_00338.fits	0	60224.602563032415	2460224.6025630324	NaN	NaN	0	1.547844	NaN	-10.4	40	NaN	NaN	3990058.86081128	38975	55.633315593400745	1879	415737.94725055865	10319	37.44028340080972	1976
r_pp_light_00339.fits	0	60224.6031065858	2460224.603106586	NaN	NaN	0	1.549116	NaN	-10.4	40	NaN	NaN	4114291.445448969	36237	52.531859557867364	2307	415468.13870849984	10281	37.9223343571742	2279
r_pp_light_00340.fits	0	60224.60365033569	2460224.6036503357	NaN	NaN	0	1.550389	NaN	-10.4	40	NaN	NaN	3825374.769806592	38565	54.68387776606955	1898	413534.53770933	11686	37.04749612803304	1937
r_pp_light_00341.fits	0	60224.604193796404	2460224.6041937964	NaN	NaN	0	1.551684	NaN	-10.4	40	NaN	NaN	3576030.9991590297	39876	56.48924180327869	1952	415818.18911287584	13530	36.923474663909	1934
r_pp_light_00342.fits	0	60224.604738947004	2460224.604738947	NaN	NaN	0	1.552967	NaN	-10.4	40	NaN	NaN	3840801.5369672384	39253	55.97790868924889	2037	412375.101799113	10781	37.14546402502607	1918
r_pp_light_00343.fits	0	60224.60528246546	2460224.6052824655	NaN	NaN	0	1.554235	NaN	-10.4	40	NaN	NaN	4319581.165495394	37028	51.37149220489978	2245	411595.8478612769	8200	35.02323580034423	2324
r_pp_light_00344.fits	0	60224.60582613433	2460224.6058261343	NaN	NaN	0	1.555537	NaN	-10.4	40	NaN	NaN	4179744.577388147	34849	53.8746964545896	2059	412968.98171991063	8646	36.95040534096328	2097
r_pp_light_00345.fits	0	60224.60636973381	2460224.606369734	NaN	NaN	0	1.556812	NaN	-10.4	40	NaN	NaN	3768604.916211651	39816	53.765770423991725	1934	412078.41522739676	11284	35.98126582278481	1975
r_pp_light_00346.fits	0	60224.60691349534	2460224.6069134953	NaN	NaN	0	1.558082	NaN	-10.4	40	NaN	NaN	3391082.301476196	37770	57.781017369727046	1612	410719.1318598634	13868	37.63477173233271	1599
r_pp_light_00347.fits	0	60224.6074569677	2460224.6074569677	NaN	NaN	0	1.559356	NaN	-10.4	40	NaN	NaN	3320683.0861473973	41275	57.54850982878884	1577	413152.00462033175	13830	37.645933014354064	1672
r_pp_light_00348.fits	0	60224.60800254624	2460224.6080025462	NaN	NaN	0	1.560659	NaN	-10.4	40	NaN	NaN	3357931.376335342	41044	59.8234552332913	1586	410908.7277948605	14626	38.46612296110414	1594
r_pp_light_00349.fits	0	60224.60854549799	2460224.608545498	NaN	NaN	0	1.561933	NaN	-10.4	40	NaN	NaN	3353921.430336914	40646	58.8014705882353	1632	413559.9257950462	14349	38.34076827757125	1614
r_pp_light_00350.fits	0	60224.60908921296	2460224.609089213	NaN	NaN	0	1.563214	NaN	-10.4	40	NaN	NaN	3829936.600737812	39254	53.263938618925835	1955	415570.2532301913	12085	35.835455934793686	1963
r_pp_light_00351.fits	0	60224.60963283572	2460224.6096328357	NaN	NaN	0	1.564513	NaN	-10.4	40	NaN	NaN	3636995.2084539426	38757	54.569773565034225	1899	412683.9121437807	13186	37.466297786720325	1988
r_pp_light_00352.fits	0	60224.610176539514	2460224.6101765395	NaN	NaN	0	1.565789	NaN	-10.4	40	NaN	NaN	3663440.738452817	39366	55.07898812596799	1937	409859.06748952484	11282	38.921457905544145	1948
r_pp_light_00353.fits	0	60224.6107200929	2460224.610720093	NaN	NaN	0	1.567093	NaN	-10.4	40	NaN	NaN	3366262.682691708	40406	56	1985	411962.4983766166	14511	37.45715806279936	1879
r_pp_light_00354.fits	0	60224.611263935454	2460224.6112639355	NaN	NaN	0	1.568371	NaN	-10.4	40	NaN	NaN	3556316.0458484255	36953	54.397645854657114	1954	408843.18220681424	12690	36.537375849451124	1913
r_pp_light_00355.fits	0	60224.61180777801	2460224.611807778	NaN	NaN	0	1.569648	NaN	-10.4	40	NaN	NaN	3732615.921499701	38049	54.99013698630137	1825	405594.67968959524	10039	37.99472016895459	1894
r_pp_light_00356.fits	0	60224.612351539545	2460224.6123515395	NaN	NaN	0	1.570925	NaN	-10.4	40	NaN	NaN	4073321.712209532	36757	53.49161290322581	2325	408243.7841903091	9174	39.61372464393612	2317
r_pp_light_00357.fits	0	60224.61289537046	2460224.6128953705	NaN	NaN	0	1.572225	NaN	-10.4	40	NaN	NaN	4197139.325596573	36333	51.928112965340176	2337	403542.55814623565	8221	37.88237847222222	2304
r_pp_light_00358.fits	0	60224.61344097229	2460224.6134409723	NaN	NaN	0	1.573507	NaN	-10.4	40	NaN	NaN	4249958.366277936	35304	51.30497382198953	2292	404652.6312794226	7824	37.3898916967509	2216
r_pp_light_00359.fits	0	60224.61398454895	2460224.613984549	NaN	NaN	0	1.574784	NaN	-10.4	40	NaN	NaN	4101402.1067175623	37399	50.75875656742557	2284	409066.1535527101	8154	37.559660297239915	2355
r_pp_light_00360.fits	0	60224.61452875007	2460224.61452875	NaN	NaN	0	1.576057	NaN	-10.4	40	NaN	NaN	4104818.4846529467	36900	49.56665160415725	2213	409662.2734840318	8136	37.559704732957016	2303
r_pp_light_00361.fits	0	60224.61507224571	2460224.6150722457	NaN	NaN	0	1.577362	NaN	-10.4	40	NaN	NaN	3767771.0938821095	38469	54.493813878429265	1859	412016.3011596519	10368	37.52554027504912	2036
r_pp_light_00362.fits	0	60224.61561717605	2460224.615617176	NaN	NaN	0	1.578636	NaN	-10.4	40	NaN	NaN	3898182.517618285	39035	51.85339506172839	1944	411376.920295845	9648	34.583983359334376	1923
r_pp_light_00363.fits	0	60224.61616083328	2460224.6161608333	NaN	NaN	0	1.579935	NaN	-10.4	40	NaN	NaN	3497842.4607127453	40952	58.9775212636695	1646	409230.9545489891	12245	38.81280487804878	1640
r_pp_light_00364.fits	0	60224.61670456035	2460224.6167045604	NaN	NaN	0	1.581213	NaN	-10.4	40	NaN	NaN	3439010.0167302364	40252	57.66728855721393	1608	409963.34205082833	12340	37.376875	1600
r_pp_light_00365.fits	0	60224.61724840291	2460224.617248403	NaN	NaN	0	1.58249	NaN	-10.4	40	NaN	NaN	3432832.4984811055	38589	58.204384268214056	1551	408962.3830646367	14101	37.08892921960073	1653
r_pp_light_00366.fits	0	60224.61779204896	2460224.617792049	NaN	NaN	0	1.583789	NaN	-10.3	40	NaN	NaN	3737967.294505597	39398	53.95031055900621	1932	408259.4711122989	10888	37.5	1950
r_pp_light_00367.fits	0	60224.61833555577	2460224.618335556	NaN	NaN	0	1.585066	NaN	-10.4	40	NaN	NaN	3713267.6774841337	38338	55.41113381001021	1958	409566.376239903	10052	38.43107104984093	1886
r_pp_light_00368.fits	0	60224.618880069815	2460224.61888007	NaN	NaN	0	1.586345	NaN	-10.4	40	NaN	NaN	3600154.592759489	36989	53.32619775739042	1962	411522.72561209835	11391	36.99947643979058	1910
r_pp_light_00369.fits	0	60224.619423692115	2460224.619423692	NaN	NaN	0	1.587643	NaN	-10.4	40	NaN	NaN	3650897.6122018904	37449	53.477435897435896	1950	408606.90958607406	10497	37.118974358974356	1950
r_pp_light_00370.fits	0	60224.61996744247	2460224.6199674425	NaN	NaN	0	1.58892	NaN	-10.4	40	NaN	NaN	3770988.511443437	37606	54.81227621483376	1955	410873.726105697	9970	37.99422268907563	1904
r_pp_light_00371.fits	0	60224.62051069457	2460224.6205106946	NaN	NaN	0	1.590184	NaN	-10.4	40	NaN	NaN	4031468.3640908143	37232	51.40206629358588	2323	411845.3147462175	8337	37.41150442477876	2260
r_pp_light_00372.fits	0	60224.62105489615	2460224.621054896	NaN	NaN	0	1.591461	NaN	-10.4	40	NaN	NaN	3555061.505612491	39751	58.59225092250922	1626	410470.7576105473	11467	35.12700296735905	1685
r_pp_light_00373.fits	0	60224.62159806723	2460224.621598067	NaN	NaN	0	1.592757	NaN	-10.4	40	NaN	NaN	3556557.367049571	38153	52.325400931195034	1933	410741.1548549669	11308	36.128818737270876	1964
r_pp_light_00374.fits	0	60224.62214177102	2460224.622141771	NaN	NaN	0	1.594033	NaN	-10.4	40	NaN	NaN	3695215.7506217733	36697	53.1382028376248	1903	411068.939945687	10896	35.75390821986888	1983
r_pp_light_00375.fits	0	60224.62268522009	2460224.62268522	NaN	NaN	0	1.595308	NaN	-10.4	40	NaN	NaN	3539170.376193648	38601	52.02402088772846	1915	409467.6769585344	11511	36.98241076047594	1933
r_pp_light_00376.fits	0	60224.623229132034	2460224.623229132	NaN	NaN	0	1.596611	NaN	-10.4	40	NaN	NaN	3582429.9798517018	38706	53.04624277456647	1903	411364.8437025231	12079	37.94621409921671	1915
r_pp_light_00377.fits	0	60224.62377266213	2460224.623772662	NaN	NaN	0	1.59788	NaN	-10.4	40	NaN	NaN	3882652.1248618043	39135	53.43855175930648	1961	405112.1828084612	9718	36.461959224266536	2011
r_pp_light_00378.fits	0	60224.62431768514	2460224.624317685	NaN	NaN	0	1.599151	NaN	-10.4	40	NaN	NaN	4046269.268732074	36672	50.46177640300486	2263	409686.8689925043	8191	37.24702774108322	2271
r_pp_light_00379.fits	0	60224.62486166693	2460224.624861667	NaN	NaN	0	1.60042	NaN	-10.4	40	NaN	NaN	4122662.7002552166	36345	50.542857142857144	2275	411885.9256410955	7693	35.05838779956427	2295
r_pp_light_00380.fits	0	60224.62540589133	2460224.6254058913	NaN	NaN	0	1.601723	NaN	-10.4	40	NaN	NaN	4293432.562940667	37786	48.466403162055336	2277	412088.0869257584	7596	35.48736616702355	2335
r_pp_light_00381.fits	0	60224.625948842615	2460224.6259488426	NaN	NaN	0	1.603001	NaN	-10.4	40	NaN	NaN	3832100.326525847	38592	53.355510411376336	1969	409389.2339166502	9372	37.56649484536082	1940
r_pp_light_00382.fits	0	60224.62649379624	2460224.6264937962	NaN	NaN	0	1.604271	NaN	-10.4	40	NaN	NaN	4110814.2068777885	36144	50.03116147308782	2118	408173.3110944433	7702	37.48788780280493	2353
r_pp_light_00383.fits	0	60224.627037697006	2460224.627037697	NaN	NaN	0	1.605565	NaN	-10.4	40	NaN	NaN	3863051.0310438294	35934	49.1753488372093	2150	407330.69784002134	8636	36.53846153846154	2327
r_pp_light_00384.fits	0	60224.62758145854	2460224.6275814585	NaN	NaN	0	1.606837	NaN	-10.4	40	NaN	NaN	3964221.751116622	36153	49.864910790144435	2354	405999.4427547156	8616	37.611510791366904	2224
r_pp_light_00385.fits	0	60224.62812532438	2460224.6281253244	NaN	NaN	0	1.608109	NaN	-10.4	40	NaN	NaN	4168416.018419446	37160	51.392857142857146	2296	406247.2163447045	7259	37.90509059534081	2318
r_pp_light_00386.fits	0	60224.628669467755	2460224.6286694678	NaN	NaN	0	1.609369	NaN	-10.4	40	NaN	NaN	4190806.9224830163	36469	48.508665511265164	2308	403579.0124460269	6896	35.45575221238938	2260
r_pp_light_00387.fits	0	60224.62921296293	2460224.629212963	NaN	NaN	0	1.610666	NaN	-10.4	40	NaN	NaN	4067748.2429900807	35349	50.76009070294785	2205	405445.4725768438	7958	36.83503779457536	2249
r_pp_light_00388.fits	0	60224.629757835995	2460224.629757836	NaN	NaN	0	1.611939	NaN	-10.4	40	NaN	NaN	3784805.788167285	37804	53.44644696189496	1942	406597.66711364174	9361	37.63890353189246	1897
r_pp_light_00389.fits	0	60224.63030130789	2460224.630301308	NaN	NaN	0	1.613202	NaN	-10.4	40	NaN	NaN	3891647.8199517513	37664	54.56128353498159	1901	411124.06338055484	9950	36.87942913385827	2032
r_pp_light_00390.fits	0	60224.63084550947	2460224.6308455095	NaN	NaN	0	1.614493	NaN	-10.4	40	NaN	NaN	3709884.153695243	36024	53.42878787878788	1980	404064.1110748702	10074	37.77632241813602	1985
r_pp_light_00391.fits	0	60224.631388530135	2460224.63138853	NaN	NaN	0	1.615753	NaN	-10.4	40	NaN	NaN	4499731.968342887	35902	52.16716802750322	2327	410114.2419626146	6389	37.25482279048901	2229
r_pp_light_00392.fits	0	60224.631932349876	2460224.63193235	NaN	NaN	0	1.617021	NaN	-10.4	40	NaN	NaN	4310265.400184607	35222	50.195240193918025	2269	408999.6600145182	7531	36.58156642146257	2311
r_pp_light_00393.fits	0	60224.63247627346	2460224.6324762735	NaN	NaN	0	1.618275	NaN	-10.4	40	NaN	NaN	4444487.354332803	36235	48.45716605765327	2463	409123.5756594911	6474	37.532986805277886	2501
r_pp_light_00394.fits	0	60224.63302039355	2460224.6330203936	NaN	NaN	0	1.619576	NaN	-10.4	40	NaN	NaN	3970868.80301379	35748	54.92137203166227	1895	408747.5549524858	9602	39.03489531405783	2006
r_pp_light_00395.fits	0	60224.63356386591	2460224.633563866	NaN	NaN	0	1.620841	NaN	-10.4	40	NaN	NaN	3698654.1083079195	38684	55.286952089704386	1962	406662.33140077663	9457	37.610683102208526	1947
r_pp_light_00396.fits	0	60224.63410762744	2460224.6341076274	NaN	NaN	0	1.6221	NaN	-10.4	40	NaN	NaN	4071731.9569408596	37466	50.529933481152995	2255	405446.66406686895	7207	37.549869904596704	2306
r_pp_light_00397.fits	0	60224.634651088156	2460224.634651088	NaN	NaN	0	1.623384	NaN	-10.4	40	NaN	NaN	4067490.3634998114	37081	52.02760736196319	2282	402372.9210621408	8375	37.53092334494774	2296
r_pp_light_00398.fits	0	60224.63519613445	2460224.6351961344	NaN	NaN	0	1.62465	NaN	-10.4	40	NaN	NaN	4016173.911073333	35953	55.05364173228347	2032	397640.36540405883	7081	39.57634184471079	1919
r_pp_light_00399.fits	0	60224.635739965364	2460224.6357399654	NaN	NaN	0	1.625913	NaN	-10.4	40	NaN	NaN	3768957.9988555363	38188	54.4375	1984	393976.94733491767	9543	38.04030612244898	1960
r_pp_light_00400.fits	0	60224.63628377346	2460224.6362837735	NaN	NaN	0	1.627196	NaN	-10.4	40	NaN	NaN	3674471.7212969265	36475	54.46001045478307	1913	397151.08666453225	9402	37.8868407578085	1953
