Label	Saturated	J.D.-2400000	JD_UTC	JD_SOBS	HJD_UTC	BJD_TDB	AIRMASS	ALT_OBJ	CCD-TEMP	EXPTIME	RAOBJ2K	DECOBJ2K	Source-Sky_T1	Source_SNR_T1	Peak_T1	Sky/Pixel_T1	N_Sky_Pixels_T1	Source-Sky_C2	Source_SNR_C2	Peak_C2	Sky/Pixel_C2	N_Sky_Pixels_C2
r_pp_light_00001.fits	0	60195.41076166695	2460195.410761667	NaN	NaN	0	1.14635	NaN	-10.3	40	NaN	NaN	4072775.309577482	1464.9500404503199	33191	20.33160621761658	4053	365924.86776118976	192.3686680333223	4530	16.5	3868
r_pp_light_00002.fits	0	60195.411306770984	2460195.411306771	NaN	NaN	0	1.146534	NaN	-10.2	40	NaN	NaN	4129728.192329104	1479.0859024613105	33450	19.348831364664488	3979	368562.36538455036	193.63785820860173	4858	15.500260824204487	3834
r_pp_light_00003.fits	0	60195.41185135441	2460195.4118513544	NaN	NaN	0	1.146725	NaN	-10.3	40	NaN	NaN	4197469.573476598	1495.9191540277163	32857	19.99771283354511	3935	371884.14361363015	195.46167849385412	4692	18.4180266131057	3983
r_pp_light_00004.fits	0	60195.412396990694	2460195.4123969907	NaN	NaN	0	1.146919	NaN	-10.3	40	NaN	NaN	4090226.839311462	1468.958891968528	33403	19.369339741968126	3953	370405.32025251107	194.78705295872925	4970	17.250683909475256	4021
r_pp_light_00005.fits	0	60195.412941712886	2460195.412941713	NaN	NaN	0	1.147114	NaN	-10.2	40	NaN	NaN	3982901.7213577586	1441.4504144899802	33083	16.883614088820828	3918	373972.47818135243	195.88330648170898	5274	11.804815864022663	3530
r_pp_light_00006.fits	0	60195.41348623857	2460195.4134862386	NaN	NaN	0	1.147313	NaN	-10.2	40	NaN	NaN	4267716.025897351	1514.2393500196506	33617	18.79106663412253	4097	372135.41814198287	195.7295252769883	4301	16.016176470588235	4080
r_pp_light_00007.fits	0	60195.41403105343	2460195.4140310534	NaN	NaN	0	1.147512	NaN	-10.2	40	NaN	NaN	4083963.2861716435	1467.9655647440115	34469	20.175018332925934	4091	374926.37264745566	197.05381510003645	4680	17.048762376237622	4040
r_pp_light_00008.fits	0	60195.41457559029	2460195.4145755903	NaN	NaN	0	1.147715	NaN	-10.3	40	NaN	NaN	4161311.5372971524	1487.3280942312128	33737	19.602078693392723	4041	373320.82129404135	196.24778649646615	4178	16.932522947159512	4031
r_pp_light_00009.fits	0	60195.41512115765	2460195.4151211577	NaN	NaN	0	1.147922	NaN	-10.3	40	NaN	NaN	4132196.018452715	1479.9281794473795	34065	18.54102436598707	4022	374694.9113038599	196.8563712907579	4822	16.045843828715366	3970
r_pp_light_00010.fits	0	60195.41566574108	2460195.415665741	NaN	NaN	0	1.148128	NaN	-10.2	40	NaN	NaN	4118328.5619185637	1476.0572485084163	34057	18.92851711026616	3945	372139.4313966366	195.5856208801573	4790	15.829255989911728	3965
r_pp_light_00011.fits	0	60195.41620954871	2460195.4162095487	NaN	NaN	0	1.148339	NaN	-10.3	40	NaN	NaN	4037551.344201973	1456.206512558774	33910	20.340881421962504	4107	375465.7246725703	197.27870183300237	5378	16.849475786320518	4006
r_pp_light_00012.fits	0	60195.416753321886	2460195.416753322	NaN	NaN	0	1.148553	NaN	-10.3	40	NaN	NaN	4212397.372695406	1500.1166124824917	34739	19.166294365847605	4029	371463.3074566298	195.29729897734833	4610	17.44078783345799	4011
r_pp_light_00013.fits	0	60195.417298657354	2460195.4172986574	NaN	NaN	0	1.148773	NaN	-10.2	40	NaN	NaN	4017581.009736687	1450.5147220212489	34906	22.52770117824016	3989	373721.9114202925	196.39038768798528	4890	17.314285714285713	3990
r_pp_light_00014.fits	0	60195.41784371529	2460195.4178437153	NaN	NaN	0	1.14899	NaN	-10.2	40	NaN	NaN	4011204.516097514	1449.2129924730953	33782	19.731273176761434	4045	373945.116590385	196.44210960452125	5158	17.239290240811155	3945
r_pp_light_00015.fits	0	60195.41838800954	2460195.4183880095	NaN	NaN	0	1.14921	NaN	-10.2	40	NaN	NaN	3770180.4818548206	1386.6594968316597	35183	20.003937007874015	4064	378810.5076788436	198.7823773406583	5961	16.113139624582153	3889
r_pp_light_00016.fits	0	60195.418932546396	2460195.4189325464	NaN	NaN	0	1.149437	NaN	-10.3	40	NaN	NaN	3830249.910304576	1401.9763620872302	34995	20.434157416750757	3964	380099.2605901744	199.60596216740112	5702	17.885862837335974	4039
r_pp_light_00017.fits	0	60195.41947685182	2460195.419476852	NaN	NaN	0	1.149661	NaN	-10.3	40	NaN	NaN	3880322.7856323533	1415.1124611728862	33684	19.99019361327634	3977	379741.0605168749	199.40746120848917	5289	17.797613127797117	4022
r_pp_light_00019.fits	0	60195.42056644708	2460195.420566447	NaN	NaN	0	1.150124	NaN	-10.3	40	NaN	NaN	3835661.264755229	1403.5819378242843	34019	21.09152119700748	4010	378365.4283589731	198.75606520988984	5962	18.187299234000495	4047
r_pp_light_00020.fits	0	60195.42111133132	2460195.4211113313	NaN	NaN	0	1.15036	NaN	-10.3	40	NaN	NaN	3993069.628457065	1444.2121161048597	34340	21.099849094567404	3976	377804.84133780655	198.33328133862102	5117	17.753940010167767	3934
r_pp_light_00021.fits	0	60195.42165516224	2460195.4216551622	NaN	NaN	0	1.150595	NaN	-10.3	40	NaN	NaN	3862029.4005887574	1410.5968781864117	34195	20.59217046580773	4036	377636.4019468474	198.40579566930307	6394	17.998273310310804	4054
r_pp_light_00022.fits	0	60195.42219998874	2460195.4221999887	NaN	NaN	0	1.150835	NaN	-10.3	40	NaN	NaN	4120790.887199031	1476.8277832523547	33386	19.603365988445113	3981	373748.43469907896	196.0354984144288	4482	14.714709051724139	3712
r_pp_light_00023.fits	0	60195.42274444457	2460195.4227444446	NaN	NaN	0	1.151082	NaN	-10.3	40	NaN	NaN	4227708.324262739	1504.2234940432595	32824	20.037832560410056	4097	364408.5376439297	191.75125001218035	4488	17.46504024144869	3976
r_pp_light_00024.fits	0	60195.42328915512	2460195.423289155	NaN	NaN	0	1.151328	NaN	-10.3	40	NaN	NaN	3929954.9133210233	1428.2319471722094	33815	20.365889935547845	4034	375770.19020462374	197.4028970768477	5080	17.2179037111334	3988
r_pp_light_00025.fits	0	60195.423834375106	2460195.423834375	NaN	NaN	0	1.151568	NaN	-10.3	40	NaN	NaN	4143239.222969681	1482.707657070821	33782	19.495280675608544	4026	374126.48956796824	196.51903400986325	4744	16.518697532434494	3931
r_pp_light_00026.fits	0	60195.424378275406	2460195.4243782754	NaN	NaN	0	1.151822	NaN	-10.3	40	NaN	NaN	4367304.774881672	1538.3847949403812	33459	18.831576305220885	3984	372563.1985624362	195.7377459262548	4833	16.394140127388535	3925
r_pp_light_00027.fits	0	60195.424923426006	2460195.424923426	NaN	NaN	0	1.152084	NaN	-10.3	40	NaN	NaN	4191816.687910383	1494.8593833155012	34227	21.47090999502735	4022	376391.4568937183	197.67894286174297	4768	18.80473074987418	3974
r_pp_light_00028.fits	0	60195.42546869209	2460195.425468692	NaN	NaN	0	1.15233	NaN	-10.3	40	NaN	NaN	4252978.221738704	1510.49612296328	33356	20.389880224883893	4091	372731.1423369893	195.84838315009029	4418	19.08329126703685	3962
r_pp_light_00029.fits	0	60195.42601333326	2460195.4260133333	NaN	NaN	0	1.152589	NaN	-10.3	40	NaN	NaN	4289721.87759856	1518.7265282645428	33979	22.506786171574905	3905	364637.64960524737	191.88394135800462	3882	18.94825	4000
r_pp_light_00030.fits	0	60195.42655763915	2460195.426557639	NaN	NaN	0	1.152848	NaN	-10.3	40	NaN	NaN	3986431.731986188	1443.0212079724254	36407	19.216229468006865	4079	374573.52646334487	196.8480352984819	5514	16.275243081525804	4011
r_pp_light_00031.fits	0	60195.42710282421	2460195.427102824	NaN	NaN	0	1.153116	NaN	-10.3	40	NaN	NaN	3944645.287427541	1432.1604035189932	34132	20.677324151500247	4066	378626.35197955905	198.78972613315136	5863	16.24406865219586	3962
r_pp_light_00032.fits	0	60195.42764667841	2460195.4276466784	NaN	NaN	0	1.153382	NaN	-10.3	40	NaN	NaN	4133775.257895681	1480.6653283074797	35948	21.18586005830904	4116	376692.8896555298	197.92204498424638	5212	18.629171817058097	4045
r_pp_light_00033.fits	0	60195.42819115752	2460195.4281911575	NaN	NaN	0	1.153646	NaN	-10.2	40	NaN	NaN	4185860.2931548236	1493.1789056515956	33581	21.409947249434815	3981	374823.3923989927	196.94750331872808	4537	17.4975	4000
r_pp_light_00034.fits	0	60195.428735069465	2460195.4287350695	NaN	NaN	0	1.153921	NaN	-10.3	40	NaN	NaN	4159468.8417371735	1486.551499012939	33704	21.83216256899147	3986	377611.08924689144	198.25428394595497	5224	20.933938477054966	3966
r_pp_light_00035.fits	0	60195.42928047478	2460195.429280475	NaN	NaN	0	1.154197	NaN	-10.3	40	NaN	NaN	4269715.250043884	1514.730752253432	33418	22.337217771303713	4119	374265.40630375425	196.6066777213051	4724	18.792876989138673	3959
r_pp_light_00036.fits	0	60195.42982579861	2460195.4298257986	NaN	NaN	0	1.154469	NaN	-10.3	40	NaN	NaN	4178340.457676446	1491.8331862394323	33313	21.59039961013645	4104	372789.21295590815	195.99250710026377	5095	18.274345032130498	4046
r_pp_light_00037.fits	0	60195.43036940973	2460195.4303694097	NaN	NaN	0	1.154752	NaN	-10.3	40	NaN	NaN	4178078.7787131937	1491.2067228630176	34010	20.2272040302267	3970	376937.0155507818	197.97758677696342	4950	17.56644934804413	3988
r_pp_light_00038.fits	0	60195.43091480341	2460195.4309148034	NaN	NaN	0	1.155032	NaN	-10.3	40	NaN	NaN	4060338.1533278944	1461.8726757590846	35176	21.839333823169238	4083	377622.1230553248	198.21660844386966	5288	17.64333163004599	3914
r_pp_light_00039.fits	0	60195.43145869207	2460195.431458692	NaN	NaN	0	1.155317	NaN	-10.3	40	NaN	NaN	4194761.705160465	1495.6593015777448	33865	20.75862068965517	4031	376452.52419145737	197.59631371393175	5367	16.18709677419355	3875
r_pp_light_00040.fits	0	60195.43200332206	2460195.432003322	NaN	NaN	0	1.155602	NaN	-10.3	40	NaN	NaN	4085351.5335141043	1467.9928739160764	34039	19.943227091633467	4016	376463.2785109262	197.50390404419016	5339	16.20467682606411	3806
r_pp_light_00041.fits	0	60195.4325475581	2460195.432547558	NaN	NaN	0	1.15589	NaN	-10.3	40	NaN	NaN	4114973.4574413546	1475.4543781689729	33463	22.35174129353234	4020	378592.2136108336	198.910648722246	5376	18.611070291452364	4083
r_pp_light_00042.fits	0	60195.43309240742	2460195.4330924074	NaN	NaN	0	1.156187	NaN	-10.3	40	NaN	NaN	4093692.8152327198	1470.1737859406542	34340	20.411108356062485	4033	378024.2565249597	198.70950588921696	5387	18.56040511212925	4147
r_pp_light_00043.fits	0	60195.43363679433	2460195.4336367943	NaN	NaN	0	1.15648	NaN	-10.3	40	NaN	NaN	4266781.113461503	1513.9134770591966	33520	20.978728606356967	4090	372640.2781669469	195.88397074010066	4757	17.987801842170775	4017
r_pp_light_00044.fits	0	60195.43418165529	2460195.4341816553	NaN	NaN	0	1.156779	NaN	-10.2	40	NaN	NaN	4143265.36947594	1482.8258982440889	33849	21.04727899532135	4061	378451.1235763714	198.70891942692703	5141	20.048370927318295	3990
r_pp_light_00045.fits	0	60195.43472549785	2460195.434725498	NaN	NaN	0	1.157083	NaN	-10.2	40	NaN	NaN	4206427.395984107	1498.6781885374055	34732	20.919565753762644	4053	375427.65853413084	197.1815703293924	5348	17.226639655609016	3949
r_pp_light_00046.fits	0	60195.43527032435	2460195.4352703243	NaN	NaN	0	1.157382	NaN	-10.3	40	NaN	NaN	4138874.325994885	1481.4883618444555	33674	20.28789013732834	4005	377085.71063152293	198.13199203845903	5293	17.99013076733284	4053
r_pp_light_00047.fits	0	60195.435814583674	2460195.4358145837	NaN	NaN	0	1.157685	NaN	-10.3	40	NaN	NaN	4169146.6815513857	1489.0527456104314	34347	20.68970698722765	3993	374857.8699278028	196.94008223905814	4956	18.093851944792974	3985
r_pp_light_00048.fits	0	60195.436359294225	2460195.436359294	NaN	NaN	0	1.157994	NaN	-10.3	40	NaN	NaN	4143818.581540896	1482.2709183687273	34451	21.958109833971903	3915	377250.20138651633	198.0250251198207	5701	16.738662567255957	3903
r_pp_light_00049.fits	0	60195.43690357637	2460195.4369035764	NaN	NaN	0	1.158309	NaN	-10.3	40	NaN	NaN	4093798.852212827	1470.5637769935395	33468	20.88832240835154	4119	377407.8885349501	197.9969930045502	5206	16.518818609513854	3826
r_pp_light_00050.fits	0	60195.43744848389	2460195.437448484	NaN	NaN	0	1.158618	NaN	-10.3	40	NaN	NaN	4246462.583633321	1508.0878497189399	34497	23.033036848792886	3935	376380.7407011392	197.77760011162601	5089	19.109960552268245	4056
r_pp_light_00052.fits	0	60195.43853737274	2460195.4385373727	NaN	NaN	0	1.159252	NaN	-10.3	40	NaN	NaN	4196308.346577448	1496.0644605549787	34946	23.442003948667324	4052	377081.3948109416	198.12046768095485	5122	19.28786383818451	4054
r_pp_light_00053.fits	0	60195.43908120366	2460195.4390812037	NaN	NaN	0	1.159578	NaN	-10.3	40	NaN	NaN	4317401.943103919	1526.1391827221453	34797	21.194520547945206	4015	375749.1609247962	197.38093406451162	4235	18.948621553884713	3990
r_pp_light_00055.fits	0	60195.44017087994	2460195.44017088	NaN	NaN	0	1.160225	NaN	-10.3	40	NaN	NaN	4220657.607439203	1501.9346549190518	34190	21.222473037371458	3987	374058.74981105275	196.37713979318485	5713	16.00285788516498	3849
r_pp_light_00056.fits	0	60195.4407156948	2460195.440715695	NaN	NaN	0	1.16055	NaN	-10.3	40	NaN	NaN	4269249.107111254	1514.0251056708046	34253	24.013009757317988	3997	375486.43579739786	197.29072374247122	4991	19.954556741991556	4027
r_pp_light_00058.fits	0	60195.441804710776	2460195.441804711	NaN	NaN	0	1.161219	NaN	-10.3	40	NaN	NaN	4186761.8058063793	1493.5758126515755	34888	23.0789277736411	4029	374434.4204663322	196.6028346142291	5480	16.75090159711489	3882
r_pp_light_00059.fits	0	60195.44234950235	2460195.4423495024	NaN	NaN	0	1.161555	NaN	-10.3	40	NaN	NaN	4459477.15621083	1561.264062222703	34499	22.919283611383708	4076	370488.25106604083	194.71797290979535	4578	19.954464963318998	3953
r_pp_light_00060.fits	0	60195.44289334491	2460195.442893345	NaN	NaN	0	1.161892	NaN	-10.3	40	NaN	NaN	4205780.3296348145	1498.177085052858	34579	23.31480090157776	3993	373472.6919154093	196.16098791655864	5647	17.91185487991824	3914
r_pp_light_00061.fits	0	60195.443437939975	2460195.44343794	NaN	NaN	0	1.16224	NaN	-10.3	40	NaN	NaN	4076999.9553834023	1465.8762250547477	34038	23.04211047807778	4037	375461.5339789217	197.14479260936898	5760	17.001023541453428	3908
r_pp_light_00062.fits	0	60195.44398170151	2460195.4439817015	NaN	NaN	0	1.162585	NaN	-10.3	40	NaN	NaN	4362591.466564855	1537.0569266798977	33549	22.55880130949383	3971	372496.58413668757	195.7463171216054	5101	19.932629462041227	3978
r_pp_light_00063.fits	0	60195.44452608796	2460195.444526088	NaN	NaN	0	1.162931	NaN	-10.3	40	NaN	NaN	4136729.2334940643	1480.7826101569808	33692	23.642606516290726	3990	378127.4818735211	198.49218786828186	5492	19.14890918315576	3942
r_pp_light_00065.fits	0	60195.44561541686	2460195.445615417	NaN	NaN	0	1.163638	NaN	-10.3	40	NaN	NaN	4186181.044326587	1492.9676923056495	34532	22.481019108280254	3925	373083.0145343762	196.045969646365	5239	17.682699571896247	3971
r_pp_light_00067.fits	0	60195.44670449104	2460195.446704491	NaN	NaN	0	1.164348	NaN	-10.3	40	NaN	NaN	4401685.769083488	1546.7184157700678	34231	25.092296148074038	3998	373546.70380005566	196.36131223540508	4764	21.414676188131	4061
r_pp_light_00069.fits	0	60195.44779363461	2460195.4477936346	NaN	NaN	0	1.165069	NaN	-10.3	40	NaN	NaN	4213724.758391762	1500.3750259058802	34941	21.910669975186103	4030	373790.8200792569	196.41199664130988	5049	21.56226603443973	4007
r_pp_light_00070.fits	0	60195.4483383568	2460195.448338357	NaN	NaN	0	1.165441	NaN	-10.3	40	NaN	NaN	4175487.801560699	1491.000769504389	34176	24.408935546875	4096	373244.2448546742	196.08713118914702	5244	20.48977014397575	3959
r_pp_light_00071.fits	0	60195.4488822571	2460195.448882257	NaN	NaN	0	1.165808	NaN	-10.2	40	NaN	NaN	4207478.395721427	1498.5857808778285	34386	24.542156617463096	3997	372561.2746006268	195.85025107321886	5371	21.873208106772122	4046
r_pp_light_00072.fits	0	60195.44942693319	2460195.449426933	NaN	NaN	0	1.166175	NaN	-10.2	40	NaN	NaN	4196200.7941748565	1495.927636425212	33971	24.631474597273854	4035	374780.0718395007	196.7898955727132	5275	21.98140127388535	3925
r_pp_light_00074.fits	0	60195.45051584486	2460195.450515845	NaN	NaN	0	1.166922	NaN	-10.2	40	NaN	NaN	4167058.4920678553	1488.4826165925663	34196	24.32526210683974	4006	375011.3184856326	197.13590805038027	5348	20.3400928414366	4093
r_pp_light_00075.fits	0	60195.45106033562	2460195.4510603356	NaN	NaN	0	1.167299	NaN	-10.3	40	NaN	NaN	4342967.165690199	1532.1139835270378	34783	25.04364278506559	3964	369331.72058110347	194.31391053553568	4993	21.82674475353831	4098
r_pp_light_00076.fits	0	60195.4516058797	2460195.4516058797	NaN	NaN	0	1.167688	NaN	-10.3	40	NaN	NaN	4418155.919756445	1551.1829083333018	33949	24.24853228962818	4088	370831.1104610332	194.91697200905162	5052	21.38604417670683	3984
r_pp_light_00077.fits	0	60195.452150139026	2460195.452150139	NaN	NaN	0	1.168071	NaN	-10.3	40	NaN	NaN	4310968.930768519	1524.82233689323	34954	23.37105842092398	4091	371068.9720644893	195.0619790188465	5652	22.51071784646062	4012
r_pp_light_00078.fits	0	60195.45269482676	2460195.4526948268	NaN	NaN	0	1.168456	NaN	-10.3	40	NaN	NaN	4137499.98631672	1480.939515375553	34143	24.162860727728983	3985	375338.9189409018	197.13296984800502	5153	18.450796863141917	3953
r_pp_light_00080.fits	0	60195.453783472534	2460195.4537834725	NaN	NaN	0	1.169235	NaN	-10.3	40	NaN	NaN	4201264.344507075	1497.7000761974678	34929	25.48075072184793	4156	377834.84966109367	198.40471441572808	4837	23	4009
r_pp_light_00081.fits	0	60195.45432884293	2460195.454328843	NaN	NaN	0	1.169637	NaN	-10.3	40	NaN	NaN	4374307.108651422	1540.3549962360883	35327	23.304155397098597	4067	374115.4833043639	196.66773946022502	5158	21.941478942213518	4084
r_pp_light_00082.fits	0	60195.45487325266	2460195.4548732527	NaN	NaN	0	1.170033	NaN	-10.2	40	NaN	NaN	4124491.713029913	1477.5430432289693	34979	25.570277078085642	3970	376643.10683622	197.91115897903217	6051	20.366855175805263	4067
r_pp_light_00085.fits	0	60195.45650717616	2460195.456507176	NaN	NaN	0	1.171238	NaN	-10.3	40	NaN	NaN	4324043.344254304	1528.0744768957074	35256	25.865969350522988	4111	374819.091487693	196.7538164084989	4936	23.091493189411462	3891
r_pp_light_00087.fits	0	60195.45759652788	2460195.457596528	NaN	NaN	0	1.172062	NaN	-10.2	40	NaN	NaN	4543172.109116263	1581.392088919796	35353	25.026926877470355	4048	373391.89252900507	196.1520054269742	4683	21.990661282180717	3962
r_pp_light_00088.fits	0	60195.45814085659	2460195.4581408566	NaN	NaN	0	1.172472	NaN	-10.3	40	NaN	NaN	4412759.389495337	1548.9418253055965	35562	27.4982088024565	3908	376155.5102266488	197.48854933108677	4649	22.744357088511286	3943
r_pp_light_00089.fits	0	60195.45868545165	2460195.4586854517	NaN	NaN	0	1.172886	NaN	-10.3	40	NaN	NaN	4439753.4149700925	1556.6283830865214	35179	24.77863889561637	4129	377555.7121983113	198.23131432007332	4348	22.8186385330319	3981
r_pp_light_00090.fits	0	60195.45923027769	2460195.4592302777	NaN	NaN	0	1.173304	NaN	-10.2	40	NaN	NaN	4555655.013019009	1583.897246634987	34313	26.898708533806026	3949	374395.88506056584	196.66778408844965	4392	21.006045340050377	3970
r_pp_light_00091.fits	0	60195.45977425948	2460195.4597742595	NaN	NaN	0	1.173732	NaN	-10.3	40	NaN	NaN	4710613.139611496	1620.983312063814	34845	28.473591104371998	3957	371714.46271358227	195.42143741032967	4279	22.052970297029702	4040
r_pp_light_00092.fits	0	60195.460318946745	2460195.4603189467	NaN	NaN	0	1.174155	NaN	-10.3	40	NaN	NaN	4276215.743447084	1515.5494043809947	33727	26.958690176322417	3970	376840.9997015363	197.91618579941292	4893	21.176	4000
r_pp_light_00093.fits	0	60195.46086303238	2460195.4608630324	NaN	NaN	0	1.17458	NaN	-10.3	40	NaN	NaN	4437600.558104084	1555.6759463032834	33865	28.018751542067605	4053	372888.83980381844	195.99198041540762	4545	20.798906288839174	4023
r_pp_light_00094.fits	0	60195.461407743394	2460195.4614077434	NaN	NaN	0	1.175005	NaN	-10.3	40	NaN	NaN	4432396.442772931	1554.6098852032808	33864	26.399364147713378	4089	374604.619663805	196.87965132601008	4801	21.969704433497537	4060
r_pp_light_00095.fits	0	60195.46195208328	2460195.4619520833	NaN	NaN	0	1.175438	NaN	-10.3	40	NaN	NaN	4467659.664962363	1563.1831553004577	34888	24.44408945686901	4069	377677.67353980796	198.31982249972833	4706	22.11630815407704	3998
r_pp_light_00096.fits	0	60195.462496794295	2460195.4624967943	NaN	NaN	0	1.175869	NaN	-10.3	40	NaN	NaN	4478733.076964945	1565.1387648571217	33565	28.152632917832612	3931	371565.53015878936	195.36677681891402	4521	22.803694581280787	4060
r_pp_light_00098.fits	0	60195.46358570596	2460195.463585706	NaN	NaN	0	1.176743	NaN	-10.3	40	NaN	NaN	4700757.926656763	1618.8034669431922	34170	27.56472654290015	3986	371347.7318289825	195.32014278535337	4461	22.59201557935735	4108
r_pp_light_00099.fits	0	60195.464129583444	2460195.4641295834	NaN	NaN	0	1.177184	NaN	-10.3	40	NaN	NaN	4389967.2340672165	1544.2034047338518	34802	28.855227882037532	4103	376469.2586980773	197.70034079280856	4726	24.903225806451612	3999
r_pp_light_00100.fits	0	60195.46467482671	2460195.4646748267	NaN	NaN	0	1.177638	NaN	-10.3	40	NaN	NaN	4586643.494293769	1591.538509590464	33856	27.76828657314629	3992	374258.4925436447	196.66503166051197	4657	23.517096134786918	4036
r_pp_light_00101.fits	0	60195.465219282545	2460195.4652192825	NaN	NaN	0	1.178084	NaN	-10.3	40	NaN	NaN	4584249.9636488445	1591.5527734700454	33613	28.968780251694096	4132	372775.3402661132	195.87588629741467	4222	23.87087087087087	3996
r_pp_light_00102.fits	0	60195.46576380823	2460195.465763808	NaN	NaN	0	1.178533	NaN	-10.3	40	NaN	NaN	4568003.514060152	1587.5886607561554	34836	28.514695166383287	4117	375410.4782632951	197.15659102702793	4241	25.394532229746677	3987
r_pp_light_00107.fits	0	60195.46848516213	2460195.468485162	NaN	NaN	0	1.180825	NaN	-10.3	40	NaN	NaN	4994807.388193122	1686.9988704121342	33594	29.512188796680498	3856	305259.1730714338	162.04890969800883	2848	25.029982363315696	3969
r_pp_light_00113.fits	0	60195.47175376164	2460195.4717537616	NaN	NaN	0	1.183657	NaN	-10.2	40	NaN	NaN	4627478.836545331	1601.3041192067722	34521	30.44988752811797	4001	360904.69162700756	189.97686842005956	4199	25.015511633725293	3997
r_pp_light_00115.fits	0	60195.47284342628	2460195.4728434263	NaN	NaN	0	1.18462	NaN	-10.2	40	NaN	NaN	4436058.543988925	1555.4442723673592	34669	30.64952473799659	4103	361933.9149522319	190.47349336869806	4650	27.3815	4000
r_pp_light_00116.fits	0	60195.473388101906	2460195.473388102	NaN	NaN	0	1.185104	NaN	-10.3	40	NaN	NaN	4962062.489860422	1679.9260675215214	34548	30.01792024230187	3962	358415.89806990244	188.83894807422422	3806	25.48223474638569	4081
r_pp_light_00118.fits	0	60195.47447671322	2460195.474476713	NaN	NaN	0	1.186098	NaN	-10.3	40	NaN	NaN	4575127.714159621	1588.6105056053877	34675	30.785516721146593	3977	358794.85455334536	189.06978995431382	4194	24.99610989545344	4113
r_pp_light_00125.fits	0	60195.47829128476	2460195.4782912848	NaN	NaN	0	1.18961	NaN	-10.3	40	NaN	NaN	4368400.23229018	1538.4824406028906	34349	32.45436507936508	4032	355253.56489059754	187.18810790438346	4188	27.45174894567105	4031
r_pp_light_00126.fits	0	60195.478835393675	2460195.4788353937	NaN	NaN	0	1.190125	NaN	-10.3	40	NaN	NaN	4476804.628386025	1565.177387272443	34435	30.50714990138067	4056	353502.19472538045	186.203635017017	4248	26.077548944825832	3933
r_pp_light_00128.fits	0	60195.47992591467	2460195.4799259147	NaN	NaN	0	1.191159	NaN	-10.3	40	NaN	NaN	4325684.769655061	1528.3157893462578	34406	31.161148977604675	4108	357905.39078659954	188.52983739196904	4445	27.528772536428747	4049
r_pp_light_00130.fits	0	60195.481014734134	2460195.481014734	NaN	NaN	0	1.192203	NaN	-10.2	40	NaN	NaN	4381148.356283501	1541.1066776625319	33942	31.867534456355283	3918	355180.82334298344	187.24102457927668	4341	27.01023890784983	4102
r_pp_light_00131.fits	0	60195.481558796484	2460195.4815587965	NaN	NaN	0	1.192729	NaN	-10.3	40	NaN	NaN	4452157.620068054	1558.7367378943704	35119	30.557182529664225	3961	356707.84571634367	187.87316221198353	4324	26.090704084189426	3991
r_pp_light_00133.fits	0	60195.48264839128	2460195.4826483913	NaN	NaN	0	1.1938	NaN	-10.3	40	NaN	NaN	4806049.579673518	1644.3590956322057	34375	31.26863876863877	4158	356836.32165065414	187.8280739505079	3812	27.928516721981108	3917
r_pp_light_00138.fits	0	60195.48537180573	2460195.4853718057	NaN	NaN	0	1.196498	NaN	-10.3	40	NaN	NaN	4675671.277466353	1612.8915769492212	32683	31.558399602385688	4024	349643.2663295031	184.3179019551557	4118	27.122448979591837	3969
r_pp_light_00139.fits	0	60195.485916238744	2460195.4859162387	NaN	NaN	0	1.197045	NaN	-10.3	40	NaN	NaN	4366758.936277386	1538.4867580361797	34310	29.940360272638753	4108	354926.2135927746	187.08868651246905	4596	26.14429447852761	4075
r_pp_light_00142.fits	0	60195.48755105352	2460195.4875510535	NaN	NaN	0	1.198704	NaN	-10.3	40	NaN	NaN	4528340.303115246	1576.9226494805407	33829	34.60479959152413	3917	351884.3251602419	185.46350171884706	4373	28.92430676992256	4003
r_pp_light_00143.fits	0	60195.48809638899	2460195.488096389	NaN	NaN	0	1.199261	NaN	-10.2	40	NaN	NaN	4722607.217024195	1623.7494325638206	34258	34.66415284062343	3978	340100.28736710176	179.53017506511	3697	28.55530303030303	3960
r_pp_light_00145.fits	0	60195.48918527784	2460195.489185278	NaN	NaN	0	1.200386	NaN	-10.3	40	NaN	NaN	4624689.758905773	1599.9466071184113	33276	37.50282195997948	3898	343452.6140924874	181.22824997133725	3913	29.474899598393574	3984
r_pp_light_00146.fits	0	60195.489729178604	2460195.4897291786	NaN	NaN	0	1.200952	NaN	-10.3	40	NaN	NaN	4522728.857056654	1575.2262165048417	33663	38.09953464322648	3868	343191.42895076907	181.2728810014776	4051	28.31418181818182	4125
r_pp_light_00147.fits	0	60195.490273900796	2460195.490273901	NaN	NaN	0	1.201522	NaN	-10.3	40	NaN	NaN	4389237.128342593	1542.9603905360877	33766	39.342566709021604	3935	348851.1754612575	184.01485814980168	4193	28.179461861268823	4051
r_pp_light_00150.fits	0	60195.49190843757	2460195.4919084376	NaN	NaN	0	1.203247	NaN	-10.3	40	NaN	NaN	4182478.447046633	1491.3174885706003	33488	44.86258955987717	3908	336153.04476490006	177.52207349152303	3930	28.88869123252859	3935
r_pp_light_00151.fits	0	60195.49245379632	2460195.4924537963	NaN	NaN	0	1.203826	NaN	-10.3	40	NaN	NaN	4099326.4725339278	1470.1640354353156	33714	44.43115474037717	3871	340423.33876777365	179.8270031898234	4453	28.952404317958784	4076
r_pp_light_00152.fits	0	60195.49299775483	2460195.492997755	NaN	NaN	0	1.20441	NaN	-10.3	40	NaN	NaN	4174406.2199824387	1489.07372587114	33247	45.464959917248514	3867	344236.0948825891	181.68379312964368	4400	28.985126425384234	4034
r_pp_light_00157.fits	0	60195.495721238665	2460195.4957212387	NaN	NaN	0	1.207362	NaN	-10.3	40	NaN	NaN	3800244.038657691	1392.9330678932815	32205	52.95470829068577	3908	348621.1769251227	183.65366469839975	4628	31.130165289256198	3872
r_pp_light_00158.fits	0	60195.49626633106	2460195.496266331	NaN	NaN	0	1.207959	NaN	-10.3	40	NaN	NaN	3895196.90233481	1417.4359159948744	32606	54.34699170124481	3856	345435.2513316014	182.24381161703232	3862	30.951420029895367	4014
r_pp_light_00159.fits	0	60195.49681185186	2460195.496811852	NaN	NaN	0	1.208564	NaN	-10.2	40	NaN	NaN	3729594.3496795786	1373.2688087595386	32587	56.581607959128796	3719	321369.8690377412	169.97160943061843	3339	30.45226917057903	3834
r_pp_light_00160.fits	0	60195.497357407585	2460195.4973574076	NaN	NaN	0	1.209167	NaN	-10.3	40	NaN	NaN	3717703.867454761	1369.9051930730946	33496	56.90244565217391	3680	344247.14994826936	181.56314438491063	4223	32.448127530364374	3952
r_pp_light_00162.fits	0	60195.49844603008	2460195.49844603	NaN	NaN	0	1.210381	NaN	-10.3	40	NaN	NaN	3654967.642649994	1353.3167921932804	32875	58.95797413793103	3712	339664.24260687985	179.32288183420667	3814	31.16461731493099	3985
r_pp_light_00164.fits	0	60195.49953491893	2460195.499534919	NaN	NaN	0	1.211607	NaN	-10.3	40	NaN	NaN	3537581.5450561945	1320.8698483386893	32303	57.264315937940765	3545	334171.0294885994	176.49250316038186	3280	32.07492354740061	3924
r_pp_light_00165.fits	0	60195.50007960666	2460195.5000796067	NaN	NaN	0	1.212225	NaN	-10.3	40	NaN	NaN	3387815.0162508036	1279.5455611817952	31465	57.96474634565778	3489	312658.9170173537	165.7098223648399	2806	31.048477157360406	3940
r_pp_light_00166.fits	0	60195.50062440988	2460195.50062441	NaN	NaN	0	1.21283	NaN	-10.3	40	NaN	NaN	3204799.135012423	1227.4441651087923	31073	57.08618618618619	3330	301445.8179747906	160.03968913057452	2732	32.47843734145104	3942
r_pp_light_00170.fits	0	60195.50280359946	2460195.5028035995	NaN	NaN	0	1.215339	NaN	-10.3	40	NaN	NaN	3040375.16940172	1179.6962610587202	31145	62.00493674791731	3241	288874.1197720212	153.66258780711226	2717	32.004067107269954	3934
r_pp_light_00172.fits	0	60195.50389287062	2460195.5038928706	NaN	NaN	0	1.216608	NaN	-10.3	40	NaN	NaN	3205248.76552879	1224.7043920134931	32105	63.02953156822811	2946	303992.19884136476	161.17454612246408	3030	32.41916010498688	3810
r_pp_light_00173.fits	0	60195.50443855347	2460195.5044385535	NaN	NaN	0	1.217247	NaN	-10.3	40	NaN	NaN	3156139.6927784104	1212.5686789818908	31670	66.09737827715355	3204	282540.55319198925	150.46514133213776	2774	32.87550505050505	3960
r_pp_light_00174.fits	0	60195.50498304423	2460195.504983044	NaN	NaN	0	1.217887	NaN	-10.3	40	NaN	NaN	2878929.4439057624	1131.2902524963592	25573	71.58821635544108	3106	253868.192491193	135.97662020187747	2316	31.394482090997094	4132
r_pp_light_00175.fits	0	60195.5055277315	2460195.5055277315	NaN	NaN	0	1.218533	NaN	-10.3	40	NaN	NaN	2666538.8076161444	1064.5514243531404	22150	69.12229159015791	2723	229663.696885174	123.33539433034302	1994	33.97023208879919	3964
r_pp_light_00176.fits	0	60195.50607311353	2460195.5060731135	NaN	NaN	0	1.219179	NaN	-10.3	40	NaN	NaN	3004499.6325617493	1166.5604271411664	32240	63.01428073841867	2871	265470.3367625629	141.67928559313918	2982	31.57997936016512	3876
r_pp_light_00177.fits	0	60195.50661711814	2460195.506617118	NaN	NaN	0	1.219826	NaN	-10.3	40	NaN	NaN	3030640.7275795373	1173.2269174303829	32160	66.64612612612612	2775	256324.5145112982	137.06769259873184	2713	34.788558467741936	3968
r_pp_light_00179.fits	0	60195.507706852164	2460195.507706852	NaN	NaN	0	1.221134	NaN	-10.3	40	NaN	NaN	3030625.658743549	1173.2489144966403	32110	67.6156058971593	2781	245372.95432390153	131.41680828483513	2725	34.52194874397361	3941
r_pp_light_00180.fits	0	60195.50825148169	2460195.5082514817	NaN	NaN	0	1.221792	NaN	-10.3	40	NaN	NaN	2755756.1625886317	1093.235345057853	28164	80.96490043874452	2963	213600.90056648286	115.02983099162755	2037	33.018555667001	3988
r_pp_light_00181.fits	0	60195.50879637757	2460195.5087963776	NaN	NaN	0	1.222456	NaN	-10.3	40	NaN	NaN	2965615.899435811	1152.5748310649585	32420	71.27643214148405	2601	234646.25192729247	125.93937042755486	2711	33.86911911911912	3996
r_pp_light_00182.fits	0	60195.5093426276	2460195.5093426276	NaN	NaN	0	1.223116	NaN	-10.3	40	NaN	NaN	2963692.754984498	1152.5405162693041	31993	71.89838163342115	2657	229663.91390891484	123.3075985493809	2355	34.440914866581956	3935
r_pp_light_00183.fits	0	60195.50988658564	2460195.5098865856	NaN	NaN	0	1.223781	NaN	-10.3	40	NaN	NaN	2894098.030154841	1130.98645879662	31712	72.42806603773585	2544	224055.85001627373	120.39375025183665	2725	33.9032916560347	3919
r_pp_light_00185.fits	0	60195.51097643515	2460195.510976435	NaN	NaN	0	1.225106	NaN	-10.3	40	NaN	NaN	2864681.5232081846	1120.3418882301207	31577	72.24556213017752	2366	216415.7789731256	116.44606577955285	2433	35.59716240182417	3947
r_pp_light_00187.fits	0	60195.512066203635	2460195.5120662036	NaN	NaN	0	1.226457	NaN	-10.3	40	NaN	NaN	2733316.1892160866	1082.7051014690153	31172	78.56685126582279	2528	204120.55236065388	110.0266652356531	2267	35.132499361756445	3917
r_pp_light_00188.fits	0	60195.5126114469	2460195.512611447	NaN	NaN	0	1.227137	NaN	-10.3	40	NaN	NaN	2776628.243463095	1096.313863149195	31038	78.30444874274662	2585	213870.13681605386	115.09502060823087	2376	33.310592459605026	3899
r_pp_light_00189.fits	0	60195.51315620402	2460195.513156204	NaN	NaN	0	1.227815	NaN	-10.3	40	NaN	NaN	2678047.22980184	1069.5018905593058	28402	70.42812823164427	2901	204554.20979400963	110.37990523342644	2096	34.050306748466255	4075
r_pp_light_00190.fits	0	60195.51370111108	2460195.513701111	NaN	NaN	0	1.228502	NaN	-10.3	40	NaN	NaN	2785246.206995993	1099.627256962816	31185	68.32510444360045	2633	204275.4961175967	110.10582776505962	2463	34.466121196624904	3911
r_pp_light_00191.fits	0	60195.51424583327	2460195.5142458333	NaN	NaN	0	1.229191	NaN	-10.3	40	NaN	NaN	2773597.633597544	1097.2554315807738	31604	70.90593342981187	2764	210292.35828741165	113.23247168685891	2458	34.95929339477727	3906
r_pp_light_00192.fits	0	60195.51479050936	2460195.5147905094	NaN	NaN	0	1.229879	NaN	-10.3	40	NaN	NaN	2772135.7781625097	1097.0050148075875	33092	71.89351021871639	2789	209953.57213471836	113.08241561722974	2916	34.961147790756726	3938
r_pp_light_00193.fits	0	60195.51533501176	2460195.5153350118	NaN	NaN	0	1.23057	NaN	-10.3	40	NaN	NaN	2692756.3841577834	1071.285640873149	31143	72.50346420323325	2598	206553.78147223123	111.31760517506348	2493	35.343045350899416	3947
r_pp_light_00194.fits	0	60195.51588046318	2460195.515880463	NaN	NaN	0	1.231251	NaN	-10.3	40	NaN	NaN	2503492.471936592	1013.7180465516926	21924	81.7551775147929	2704	185632.86951954017	100.34353232886978	1829	36.97336065573771	3904
r_pp_light_00195.fits	0	60195.516424896196	2460195.516424896	NaN	NaN	0	1.231949	NaN	-10.3	40	NaN	NaN	2592758.7362018074	1040.6320346174452	29679	78.1837360951285	2607	198608.0465833831	107.13439202969114	2423	35.42252437147255	3898
r_pp_light_00196.fits	0	60195.5169698149	2460195.516969815	NaN	NaN	0	1.23265	NaN	-10.3	40	NaN	NaN	2601302.039416795	1043.5568739099588	31250	77.05540796963948	2635	194044.77016970847	104.79451090406329	2467	35.04375316135559	3954
r_pp_light_00198.fits	0	60195.518059016205	2460195.518059016	NaN	NaN	0	1.234058	NaN	-10.3	40	NaN	NaN	2482177.3141245083	1006.226821380659	25881	84.82189168573608	2622	188310.89282794128	101.75172778680309	1952	35.56176319835981	3902
r_pp_light_00200.fits	0	60195.51914773183	2460195.519147732	NaN	NaN	0	1.235475	NaN	-10.3	40	NaN	NaN	2424463.3617172516	988.8762749553067	31929	85.94002943340692	2718	186934.68369381633	101.00778805148812	2563	36.83449342614076	3879
r_pp_light_00201.fits	0	60195.519692395814	2460195.519692396	NaN	NaN	0	1.236189	NaN	-10.3	40	NaN	NaN	2343344.7143680584	961.8634654136491	25307	89.90489025798999	2597	180802.26004977437	97.74165575313154	1929	36.86149003147954	3812
r_pp_light_00202.fits	0	60195.52023731498	2460195.520237315	NaN	NaN	0	1.236906	NaN	-10.3	40	NaN	NaN	2254857.793862517	935.0331639372098	21035	95.92976232706634	2819	171302.0082208387	92.76933851651623	1595	36.42834809796769	3838
r_pp_light_00203.fits	0	60195.52078245394	2460195.520782454	NaN	NaN	0	1.237626	NaN	-10.3	40	NaN	NaN	2168087.6869238093	908.3635245972922	19048	99.78066190785205	3082	164740.140158016	89.33418423074237	1527	36.97961290322581	3875
r_pp_light_00204.fits	0	60195.52132754633	2460195.5213275463	NaN	NaN	0	1.238333	NaN	-10.3	40	NaN	NaN	2319607.966437453	951.6087923648765	31704	85.71716738197425	2330	182990.75701703026	98.89515250593091	2513	35.94284216046146	3814
r_pp_light_00205.fits	0	60195.52187232673	2460195.5218723267	NaN	NaN	0	1.239057	NaN	-10.3	40	NaN	NaN	2284484.59013639	940.4631688009681	25676	87.43763303533419	2349	180152.88306900015	97.51057644167904	2024	35.67618806875632	3956
r_pp_light_00206.fits	0	60195.52241643518	2460195.522416435	NaN	NaN	0	1.239783	NaN	-10.3	40	NaN	NaN	2206708.8864958356	915.8369713413255	23572	95.45843621399177	2430	170796.2308166855	92.54803723886371	1944	36.99897593445981	3906
r_pp_light_00207.fits	0	60195.522961805575	2460195.5229618056	NaN	NaN	0	1.240514	NaN	-10.3	40	NaN	NaN	2232929.244273336	926.9437402447284	23495	92.20542347696879	2692	172777.26364812747	93.58342053875423	1867	34.51572164948453	3880
r_pp_light_00208.fits	0	60195.52350686351	2460195.5235068635	NaN	NaN	0	1.241247	NaN	-10.3	40	NaN	NaN	2225373.477691918	921.0573386886858	27706	88.40437392795883	2332	176495.42249985953	95.48079328020206	2012	34.42721768886549	3799
r_pp_light_00209.fits	0	60195.524051330984	2460195.524051331	NaN	NaN	0	1.241983	NaN	-10.3	40	NaN	NaN	2194076.21952842	912.9919268337451	24718	88.47287735849056	2544	177146.67934802777	95.94611053461563	1973	35.04301886792453	3975
r_pp_light_00210.fits	0	60195.524596701376	2460195.5245967014	NaN	NaN	0	1.24272	NaN	-10.3	40	NaN	NaN	2151666.333738088	899.785669183723	26115	94.7641723356009	2646	173382.65185739193	93.92489585729925	1996	38.036603965429585	3934
r_pp_light_00212.fits	0	60195.52568642376	2460195.5256864238	NaN	NaN	0	1.244189	NaN	-10.3	40	NaN	NaN	2114875.933729102	885.5066413847345	26155	90.5320910973085	2415	169357.1852664389	91.72499269049831	2000	36.87696747114376	3812
r_pp_light_00213.fits	0	60195.52623086842	2460195.5262308684	NaN	NaN	0	1.244935	NaN	-10.3	40	NaN	NaN	2109249.8804137963	886.8112457786315	24561	96.82023681377825	2787	168324.64522192083	91.24814338227579	1822	37.030434782608694	3910
r_pp_light_00214.fits	0	60195.52677525487	2460195.526775255	NaN	NaN	0	1.245682	NaN	-10.3	40	NaN	NaN	2113209.2077173125	884.1820936649038	23550	90.00042716787698	2341	168093.6743135712	91.1134538194264	2124	37.55315870570108	3894
r_pp_light_00215.fits	0	60195.527320370544	2460195.5273203705	NaN	NaN	0	1.246434	NaN	-10.3	40	NaN	NaN	2078772.2052615145	872.940732002928	23878	89.42421676545301	2362	160346.33912899205	86.99740788278334	1924	35.115394634019275	3839
r_pp_light_00216.fits	0	60195.5278658336	2460195.5278658336	NaN	NaN	0	1.247189	NaN	-10.3	40	NaN	NaN	1975466.3327997606	840.3721087691446	19750	89.9857910906298	2604	158648.62220480887	86.15034037420106	1782	35.39484430832057	3918
r_pp_light_00217.fits	0	60195.528410336	2460195.528410336	NaN	NaN	0	1.247945	NaN	-10.3	40	NaN	NaN	2045434.5385303923	860.8162080795881	24063	79.42660753880266	2255	164745.5068055862	89.381465795474	1960	35.954522357723576	3936
r_pp_light_00218.fits	0	60195.528955266345	2460195.5289552663	NaN	NaN	0	1.248687	NaN	-10.3	40	NaN	NaN	2036526.1714125474	858.1551271383046	23523	82.9694589877836	2292	158846.48983152647	86.24816939934743	1856	36.01125031961135	3911
r_pp_light_00219.fits	0	60195.529499132186	2460195.529499132	NaN	NaN	0	1.249448	NaN	-10.3	40	NaN	NaN	2023813.7232461579	855.6302058668856	24390	85.09326845093268	2466	160782.7403109037	87.21411529726123	1982	35.565820465846635	3821
r_pp_light_00220.fits	0	60195.53004403971	2460195.5300440397	NaN	NaN	0	1.25023	NaN	-10.3	40	NaN	NaN	1885392.2590218661	809.1522767586614	18526	88.8182879377432	2570	147650.5010104107	80.33001131163886	1422	35.89829646580219	3933
r_pp_light_00221.fits	0	60195.5305884839	2460195.530588484	NaN	NaN	0	1.250998	NaN	-10.3	40	NaN	NaN	1964405.8721751128	839.3140505203077	23538	90.38129010469436	2961	157631.28665846295	85.58598542734882	1715	35.3987619293268	3877
r_pp_light_00222.fits	0	60195.53113230318	2460195.531132303	NaN	NaN	0	1.251749	NaN	-10.3	40	NaN	NaN	1886776.2214465332	810.720548768841	21408	85.01078066914498	2690	158570.90295612987	86.17537135993112	1696	34.47723314257278	4019
r_pp_light_00224.fits	0	60195.53222162044	2460195.5322216204	NaN	NaN	0	1.253296	NaN	-10.3	40	NaN	NaN	1848285.4620035535	799.1990709965736	19128	93.87441235728677	2978	153401.94593081725	83.27961059837281	1796	35.40694591728526	3772
r_pp_light_00225.fits	0	60195.53276597243	2460195.5327659724	NaN	NaN	0	1.254073	NaN	-10.3	40	NaN	NaN	1841087.5699523261	794.927613261075	22529	86.9250645994832	2709	153258.4836107985	83.27531252425362	1702	36.54755784061697	3890
r_pp_light_00226.fits	0	60195.53331087995	2460195.53331088	NaN	NaN	0	1.254854	NaN	-10.3	40	NaN	NaN	1860728.420371039	804.709479190092	21693	91.35275490816973	3158	150190.3227474858	81.6286266899817	1726	35.07744282744283	3848
r_pp_light_00230.fits	0	60195.535489525646	2460195.5354895256	NaN	NaN	0	1.258001	NaN	-10.3	40	NaN	NaN	1728333.1649098445	757.0613692499214	18782	81.94687289845326	2974	143778.66065164158	78.25290951084601	1763	34.588174807197944	3890
r_pp_light_00231.fits	0	60195.53603347251	2460195.5360334725	NaN	NaN	0	1.258794	NaN	-10.3	40	NaN	NaN	1646784.3807473234	726.6472673502343	16436	77.2229367631297	2799	139108.93703347366	75.76511242862908	1539	35.075160875160876	3885
r_pp_light_00232.fits	0	60195.536578889005	2460195.536578889	NaN	NaN	0	1.259573	NaN	-10.3	40	NaN	NaN	1664983.376572119	732.031918731507	17250	74.13470319634703	2628	140367.82834764713	76.44533703467927	1392	35.549411162314385	3906
r_pp_light_00233.fits	0	60195.537122800946	2460195.537122801	NaN	NaN	0	1.260371	NaN	-10.3	40	NaN	NaN	1630278.529107185	720.4642941898994	16641	75.206435285611	2766	137484.38388571085	74.83565172657858	1350	36.36921449352023	3781
r_pp_light_00234.fits	0	60195.537667777855	2460195.537667778	NaN	NaN	0	1.261174	NaN	-10.3	40	NaN	NaN	1604102.5805830802	711.3132603792004	14985	75.44723796033995	2824	133953.49957246092	73.03232884251143	1276	35.283120204603584	3910
r_pp_light_00235.fits	0	60195.53821238456	2460195.5382123846	NaN	NaN	0	1.261978	NaN	-10.3	40	NaN	NaN	1519074.13849543	679.6817562164596	12881	75.05751258087707	2782	127157.3459942791	69.427814637161	1131	35.36890012642225	3955
r_pp_light_00236.fits	0	60195.53875782434	2460195.5387578243	NaN	NaN	0	1.262785	NaN	-10.3	40	NaN	NaN	1582099.7044505994	703.4472463000659	16852	72.41279887482419	2844	136761.94022880678	74.55409695721643	1359	35.00177035912999	3954
r_pp_light_00237.fits	0	60195.539301817305	2460195.5393018173	NaN	NaN	0	1.263594	NaN	-10.3	40	NaN	NaN	1602959.8351705463	710.9906037870836	18512	70.0825948245303	2821	135732.98984103065	73.92962946048078	1494	35.0358826610791	3818
r_pp_light_00238.fits	0	60195.53984605335	2460195.5398460533	NaN	NaN	0	1.264389	NaN	-10.3	40	NaN	NaN	1578841.9275175643	703.1311792496656	18845	70.90094022834117	2978	133924.22070334453	72.99166257562096	1539	34.50362694300518	3860
r_pp_light_00239.fits	0	60195.54039052082	2460195.540390521	NaN	NaN	0	1.265203	NaN	-10.3	40	NaN	NaN	1541554.9284704973	688.9573969320561	17542	68.63601928374656	2904	133435.80037973277	72.80962536756302	1429	35.03791469194313	4009
r_pp_light_00240.fits	0	60195.54093592614	2460195.540935926	NaN	NaN	0	1.266021	NaN	-10.3	40	NaN	NaN	1547036.5144899327	690.6746288200917	17012	71.9417306350314	2866	131594.3645385937	71.71576899607699	1369	36.668153200419724	3812
r_pp_light_00241.fits	0	60195.54148005787	2460195.541480058	NaN	NaN	0	1.266842	NaN	-10.3	40	NaN	NaN	1507881.0457299717	675.4576273329741	14802	68.34943697784236	2753	130786.0226276496	71.30319009944361	1323	33.86262731783756	3829
r_pp_light_00242.fits	0	60195.542025428265	2460195.5420254283	NaN	NaN	0	1.267647	NaN	-10.3	40	NaN	NaN	1528730.2420327882	684.5425931772162	19032	67.00067704807041	2954	134420.26468130958	73.27104345451208	1476	34.509647543092356	3887
r_pp_light_00243.fits	0	60195.542570416816	2460195.542570417	NaN	NaN	0	1.268473	NaN	-10.3	40	NaN	NaN	1506034.958870109	675.1575100104027	15969	66.93442622950819	2806	130573.97365247486	71.10541869743723	1384	35.38075880758807	3690
r_pp_light_00244.fits	0	60195.54311532434	2460195.5431153243	NaN	NaN	0	1.269302	NaN	-10.3	40	NaN	NaN	1531235.2014476834	684.6047464353584	18201	62.508740635033895	2803	131666.56284979265	71.7544278069977	1523	33.80031612223393	3796
r_pp_light_00245.fits	0	60195.543659409974	2460195.54365941	NaN	NaN	0	1.270132	NaN	-10.3	40	NaN	NaN	1545687.9463828262	691.040265949144	18210	66.57080682959491	2987	128505.28775025622	70.14084258631023	1542	36.05044359949303	3945
r_pp_light_00246.fits	0	60195.54420472216	2460195.544204722	NaN	NaN	0	1.270949	NaN	-10.3	40	NaN	NaN	1483548.3306197028	665.1469035399518	16504	62.81673151750973	2570	126521.16068454085	69.07078425942413	1299	34.91145700433784	3919
r_pp_light_00247.fits	0	60195.54474929394	2460195.544749294	NaN	NaN	0	1.271784	NaN	-10.3	40	NaN	NaN	1517358.6687549541	679.189518590363	18649	61.9457111834962	2763	130116.2408913793	70.98758028577974	1454	34.54322250639386	3910
r_pp_light_00252.fits	0	60195.547474224586	2460195.5474742246	NaN	NaN	0	1.275987	NaN	-10.3	40	NaN	NaN	1648324.979624877	726.3416285574658	21015	59.57794676806083	2630	124460.99439384902	67.95913503664725	1373	35.065384615384616	3900
r_pp_light_00253.fits	0	60195.548018611036	2460195.548018611	NaN	NaN	0	1.276839	NaN	-10.3	40	NaN	NaN	1732734.0310721558	757.4212138309744	23821	57.63492647058823	2720	123144.9764522794	67.27318540520506	1599	36.08777270421106	3942
r_pp_light_00255.fits	0	60195.54910746543	2460195.5491074654	NaN	NaN	0	1.278531	NaN	-10.3	40	NaN	NaN	1633815.6726887675	719.8524315163843	20464	57.27140549273021	2476	118799.35912885955	64.92400952062786	1294	35.98049281314169	3896
r_pp_light_00256.fits	0	60195.54965281254	2460195.5496528125	NaN	NaN	0	1.279391	NaN	-10.3	40	NaN	NaN	1691840.7619320727	741.84170519481	22982	55.89441233140655	2595	119092.12895420894	65.10514007689535	1422	34.667089893346876	3938
r_pp_light_00257.fits	0	60195.55019729165	2460195.5501972917	NaN	NaN	0	1.280253	NaN	-10.4	40	NaN	NaN	1700942.8604672041	746.1270004617403	27240	54.68001469507715	2722	116364.08024157898	63.6857855743341	1315	33.93344921777999	4027
r_pp_light_00258.fits	0	60195.55074203713	2460195.550742037	NaN	NaN	0	1.281118	NaN	-10.3	40	NaN	NaN	1683581.1421077598	738.4655388066697	25158	53.63385826771653	2540	115201.12188976383	63.031639155176784	1345	34.85908747164104	3967
r_pp_light_00259.fits	0	60195.5512864585	2460195.5512864585	NaN	NaN	0	1.281967	NaN	-10.3	40	NaN	NaN	1610310.5884368527	713.0449586451563	20065	56.99591381872214	2692	110763.25841016755	60.65263233514636	1241	35.84910871202611	3983
r_pp_light_00260.fits	0	60195.55183146987	2460195.55183147	NaN	NaN	0	1.282837	NaN	-10.3	40	NaN	NaN	1628006.0538031037	719.5495320203896	22684	57.907475943745375	2702	112041.89369638934	61.28910933512153	1336	36.81665807117071	3878
r_pp_light_00261.fits	0	60195.55237586843	2460195.5523758684	NaN	NaN	0	1.283709	NaN	-10.3	40	NaN	NaN	1577382.7494572003	701.5841092327456	19480	55.972592859718716	2773	110581.58216917049	60.49422308798382	1233	36.149831212672034	3851
r_pp_light_00262.fits	0	60195.55292106513	2460195.552921065	NaN	NaN	0	1.284585	NaN	-10.3	40	NaN	NaN	1589360.476370701	704.9504228417082	22708	55.92591185410334	2632	112458.25345200358	61.52646444527298	1405	38.36890477406178	3917
r_pp_light_00263.fits	0	60195.55346648162	2460195.5534664816	NaN	NaN	0	1.285446	NaN	-10.3	40	NaN	NaN	1581066.7882500174	703.2285973327279	24471	57.42517730496454	2820	111220.3301069098	60.8128870828512	1359	37.36459154189651	3807
r_pp_light_00264.fits	0	60195.55401111115	2460195.554011111	NaN	NaN	0	1.286326	NaN	-10.3	40	NaN	NaN	1584147.79214813	702.9087746946858	24152	53.31786809815951	2608	110569.75969507181	60.49822661585368	1280	34.753428201811126	3865
r_pp_light_00265.fits	0	60195.5545558217	2460195.5545558217	NaN	NaN	0	1.287209	NaN	-10.3	40	NaN	NaN	1575878.15427226	700.4096062379192	23501	54.17344274524431	2681	108930.34416090255	59.669085871914675	1368	35.299196787148595	3984
r_pp_light_00266.fits	0	60195.5550996759	2460195.555099676	NaN	NaN	0	1.288075	NaN	-10.3	40	NaN	NaN	1447013.0173305157	652.9855955642079	16267	64.88908765652951	2795	106782.99914221466	58.48027353345921	1153	35.3552597901203	3907
r_pp_light_00268.fits	0	60195.556188993156	2460195.556188993	NaN	NaN	0	1.289854	NaN	-10.3	40	NaN	NaN	1500499.4799192261	673.4519894591604	17838	54.44345976604041	2821	105325.99437000096	57.66491791678102	1114	36.028125	3840
r_pp_light_00269.fits	0	60195.5567338774	2460195.5567338774	NaN	NaN	0	1.290747	NaN	-10.3	40	NaN	NaN	1488069.1928422037	668.641850469781	19471	55.27938549481958	2799	108000.95774588815	59.133078544841126	1279	36.0184331797235	3906
r_pp_light_00270.fits	0	60195.557277870364	2460195.5572778704	NaN	NaN	0	1.291623	NaN	-10.3	40	NaN	NaN	1456736.9138381013	657.3199656171521	16834	53.96822625698324	2864	106870.68012835017	58.51166373929708	1118	36.103199174406605	3876
r_pp_light_00271.fits	0	60195.55782333342	2460195.5578233334	NaN	NaN	0	1.292523	NaN	-10.3	40	NaN	NaN	1461090.240482647	657.6818582755861	17848	53.38061377245509	2672	107521.18787565894	58.89888502220249	1224	35.00252908447142	3954
r_pp_light_00273.fits	0	60195.5589133217	2460195.5589133217	NaN	NaN	0	1.294309	NaN	-10.3	40	NaN	NaN	1436302.0504388264	647.6752803374703	17415	54.40618955512573	2585	103827.37170957991	56.88133488474937	1173	34.378155589902114	3882
r_pp_light_00274.fits	0	60195.55945772026	2460195.5594577203	NaN	NaN	0	1.295215	NaN	-10.3	40	NaN	NaN	1434029.0299595234	648.0859227400356	17138	53.88921071687183	2762	103853.51099973297	56.85985860331643	1180	36.498689040377556	3814
r_pp_light_00275.fits	0	60195.56000318285	2460195.560003183	NaN	NaN	0	1.296125	NaN	-10.3	40	NaN	NaN	1375787.9328909747	625.6423046781396	16618	53.93384785005512	2721	103846.22632596771	56.93003708913322	1078	36.38419071518193	3985
r_pp_light_00276.fits	0	60195.560547720175	2460195.56054772	NaN	NaN	0	1.297017	NaN	-10.3	40	NaN	NaN	1401446.11561464	635.3869096949528	17216	56.89897134459956	2722	104024.61895467735	56.94884576463495	1160	35.584166228300894	3802
r_pp_light_00277.fits	0	60195.561092476826	2460195.561092477	NaN	NaN	0	1.297931	NaN	-10.3	40	NaN	NaN	1397598.2739700524	633.5166120116138	17496	54.604064734663154	2657	103388.71822413217	56.669974651922985	1105	36.82351453855879	3955
r_pp_light_00279.fits	0	60195.562182234135	2460195.562182234	NaN	NaN	0	1.299768	NaN	-10.3	40	NaN	NaN	1350865.8716880982	615.3892152996259	16007	55.178285714285714	2625	104238.31197916443	57.08760225398929	1130	35.91495981332642	3857
r_pp_light_00280.fits	0	60195.56272700243	2460195.5627270024	NaN	NaN	0	1.30067	NaN	-10.3	40	NaN	NaN	1340675.7516743576	611.6721824056888	17562	54.34879336349925	2652	101829.4458295896	55.77305354148862	1091	34.95434269220677	3811
r_pp_light_00281.fits	0	60195.56327260425	2460195.5632726043	NaN	NaN	0	1.301595	NaN	-10.3	40	NaN	NaN	1348051.9171221128	615.0082231499289	18510	55.13348001466813	2727	100186.56120024531	54.95156913680912	1118	37.256287726358146	3976
r_pp_light_00283.fits	0	60195.56436254643	2460195.5643625464	NaN	NaN	0	1.303433	NaN	-10.3	40	NaN	NaN	1384890.4872706635	629.2679656246294	18173	54.43731778425656	2744	97554.80159538085	53.506470932839655	1087	36.62701458173446	3909
r_pp_light_00284.fits	0	60195.564907129854	2460195.56490713	NaN	NaN	0	1.304365	NaN	-10.3	40	NaN	NaN	1374292.5030641414	624.9510837359247	19368	53.09440947797112	2701	97007.037615611	53.173960363845715	1091	37.46051255230125	3824
r_pp_light_00285.fits	0	60195.565451886505	2460195.5654518865	NaN	NaN	0	1.305299	NaN	-10.3	40	NaN	NaN	1362809.3655824936	621.4523558995538	16979	55.621972621972624	2849	97471.3692599558	53.44331334991795	1064	37.54470284237726	3870
r_pp_light_00286.fits	0	60195.565995706245	2460195.5659957062	NaN	NaN	0	1.306214	NaN	-10.3	40	NaN	NaN	1444697.5536458907	651.9510100568892	19106	56.13411078717201	2744	97824.03367242726	53.669609808869474	1165	37.02477249747219	3956
r_pp_light_00287.fits	0	60195.566540405154	2460195.566540405	NaN	NaN	0	1.307154	NaN	-10.3	40	NaN	NaN	1505067.3120207887	676.1869453255523	21127	56.52171008684035	2994	98542.34178077649	54.02591687094552	1114	35.98915569326104	3873
r_pp_light_00288.fits	0	60195.56708535878	2460195.567085359	NaN	NaN	0	1.308097	NaN	-10.3	40	NaN	NaN	1523343.7690122293	683.3784782050413	25452	55.01407989521938	3054	99027.65179144844	54.31465695824017	1185	36.01574003554202	3939
r_pp_light_00289.fits	0	60195.56762987282	2460195.567629873	NaN	NaN	0	1.309021	NaN	-10.3	40	NaN	NaN	1533018.2529705889	687.196959262286	22979	57.80927835051546	3104	98048.86464830986	53.72263393915634	1205	36.849868073878625	3790
r_pp_light_00290.fits	0	60195.568174490705	2460195.5681744907	NaN	NaN	0	1.309968	NaN	-10.3	40	NaN	NaN	1489363.3194903107	670.3121751111316	21495	60.18656468240771	3007	96357.5913383987	52.81814227621982	988	34.51396942540854	3794
r_pp_light_00291.fits	0	60195.56871989602	2460195.568719896	NaN	NaN	0	1.310919	NaN	-10.3	40	NaN	NaN	1513246.5967535914	680.1504678572823	20852	60.981417322834645	3175	96773.92079431374	53.045297251581246	1081	35.535470310036786	3806
r_pp_light_00292.fits	0	60195.56926394673	2460195.5692639467	NaN	NaN	0	1.31185	NaN	-10.4	40	NaN	NaN	1526993.6046372668	685.5507131120002	24815	63.01575532900834	3237	94767.58888863951	51.996292831964	1051	37.365734803795846	3899
r_pp_light_00293.fits	0	60195.569808842614	2460195.5698088426	NaN	NaN	0	1.312804	NaN	-10.3	40	NaN	NaN	1606501.7710254511	713.4402930977586	22611	58.01149036836769	2959	93481.5903744451	51.29371822555874	993	36.42086238058353	3873
r_pp_light_00295.fits	0	60195.57089912053	2460195.5708991205	NaN	NaN	0	1.314702	NaN	-10.3	40	NaN	NaN	1589023.2327447413	707.438474747586	18646	57.39351851851852	3024	91928.25818304147	50.45947084601526	974	35.949781097089875	3883
r_pp_light_00296.fits	0	60195.571443530265	2460195.5714435303	NaN	NaN	0	1.315664	NaN	-10.4	40	NaN	NaN	1664059.8643735414	733.5966392317522	21154	54.72029702970297	2828	90726.00040719983	49.82405628433794	953	35.415773353751916	3918
r_pp_light_00297.fits	0	60195.57198847225	2460195.5719884722	NaN	NaN	0	1.316629	NaN	-10.3	40	NaN	NaN	1676585.0533442853	738.6927904380744	19473	55.749400068563595	2917	89001.64216977441	48.822633150905304	875	35.911301095378036	3743
r_pp_light_00298.fits	0	60195.57253250014	2460195.5725325	NaN	NaN	0	1.317575	NaN	-10.3	40	NaN	NaN	1694378.0358615646	746.4017847726345	20864	59.03531657651925	3143	88306.32579157391	48.468667654969586	876	36.377269139700076	3801
r_pp_light_00299.fits	0	60195.57307737274	2460195.5730773727	NaN	NaN	0	1.318545	NaN	-10.3	40	NaN	NaN	1658524.964958934	730.3558638009498	20312	55.881247651258924	2661	86841.65504461697	47.70677601789297	876	35.02013422818792	3874
r_pp_light_00300.fits	0	60195.57362237293	2460195.573622373	NaN	NaN	0	1.319497	NaN	-10.3	40	NaN	NaN	1681224.8301065369	741.0535106694567	23060	58.59400724399078	3037	86681.34269455109	47.63913223099562	882	36.05695397915078	3933
r_pp_light_00301.fits	0	60195.57416715287	2460195.574167153	NaN	NaN	0	1.320472	NaN	-10.3	40	NaN	NaN	1674267.563984495	738.7632031233381	19721	60.089285714285715	3080	85984.68174612043	47.1963522261493	834	35.98509052183174	3756
r_pp_light_00302.fits	0	60195.574711643625	2460195.5747116436	NaN	NaN	0	1.321449	NaN	-10.3	40	NaN	NaN	1619930.7796485913	717.2284181105208	16192	57.141062455132804	2786	85217.66728809518	46.80587001111453	802	37.04285340998171	3827
r_pp_light_00303.fits	0	60195.57525712997	2460195.57525713	NaN	NaN	0	1.322409	NaN	-10.3	40	NaN	NaN	1682558.280714394	740.4236463843072	23098	58.15903530234184	2861	89079.27287190719	48.919300621373445	1028	37.162683114880494	3891
r_pp_light_00304.fits	0	60195.57580107637	2460195.5758010764	NaN	NaN	0	1.32339	NaN	-10.3	40	NaN	NaN	1655318.9841178204	731.9224446508449	22562	57.64703968770332	3074	88369.54618847041	48.55385486454414	915	36.91218274111675	3940
r_pp_light_00305.fits	0	60195.576345949434	2460195.5763459494	NaN	NaN	0	1.324375	NaN	-10.3	40	NaN	NaN	1681567.033325567	740.263864092655	20415	57.38296398891967	2888	85663.36646298775	47.07533909516594	906	35.168250706396094	3893
r_pp_light_00306.fits	0	60195.57689045137	2460195.5768904514	NaN	NaN	0	1.32534	NaN	-10.3	40	NaN	NaN	1637328.7670071393	724.4171835380109	19591	59.071917808219176	2920	85281.7653105739	46.82303827646288	877	37.35563194077208	3782
r_pp_light_00307.fits	0	60195.57743559033	2460195.5774355903	NaN	NaN	0	1.326331	NaN	-10.3	40	NaN	NaN	1655720.2906746152	730.7837756464811	21038	55.53512757777001	2861	84487.8063479138	46.456848988656354	874	35.608156028368796	3948
r_pp_light_00308.fits	0	60195.577980046626	2460195.5779800466	NaN	NaN	0	1.327322	NaN	-10.3	40	NaN	NaN	1666595.197168571	734.0525381623496	20921	55.902747650036154	2766	86077.7428421483	47.29260177315078	911	36.135344160866204	3879
r_pp_light_00309.fits	0	60195.57852547476	2460195.5785254748	NaN	NaN	0	1.328297	NaN	-10.3	40	NaN	NaN	1641676.8286172512	727.2276831964816	17978	59.3787587971849	3126	84301.25493421314	46.32797457687309	824	35.23351435221102	3867
r_pp_light_00310.fits	0	60195.57906949101	2460195.579069491	NaN	NaN	0	1.329293	NaN	-10.3	40	NaN	NaN	1671276.6014540773	737.3229777325347	22863	60.478980470043034	3021	86092.27856981366	47.29374634465112	902	37.05250905328505	3866
r_pp_light_00311.fits	0	60195.579614444636	2460195.5796144446	NaN	NaN	0	1.330271	NaN	-10.3	40	NaN	NaN	1619540.7320563614	717.4166475427824	16661	57.39259259259259	2835	81369.58201600806	44.71392601536078	807	36.56887486855941	3804
r_pp_light_00312.fits	0	60195.58015953703	2460195.580159537	NaN	NaN	0	1.331274	NaN	-10.3	40	NaN	NaN	1649676.5270443186	729.7891516547521	19458	60.507166123778504	3070	81691.1144120883	44.91841020014893	783	37.61370636550308	3896
r_pp_light_00313.fits	0	60195.58070500009	2460195.580705	NaN	NaN	0	1.33228	NaN	-10.3	40	NaN	NaN	1615623.684556582	716.9512477076325	17254	62.030646235842774	3002	87695.81307693566	48.16453339833382	932	37.45175438596491	3876
r_pp_light_00314.fits	0	60195.58124891203	2460195.581248912	NaN	NaN	0	1.333263	NaN	-10.3	40	NaN	NaN	1572053.1387128208	700.3708923541203	15345	58.390252333218115	2893	87106.69608182405	47.865938008542976	896	36.86125254582485	3928
r_pp_light_00315.fits	0	60195.581793877296	2460195.5817938773	NaN	NaN	0	1.334273	NaN	-10.3	40	NaN	NaN	1594102.2497753717	709.7509664519265	20773	60.35335689045937	3113	87416.10594973636	48.007365641312084	1010	36.0101246105919	3852
r_pp_light_00316.fits	0	60195.58233796293	2460195.582337963	NaN	NaN	0	1.335284	NaN	-10.4	40	NaN	NaN	1575719.533852139	702.3621040155479	18150	59.32266666666667	3000	85825.23271128672	47.12132216287578	971	35.935270805812415	3785
r_pp_light_00317.fits	0	60195.58288296312	2460195.582882963	NaN	NaN	0	1.336277	NaN	-10.3	40	NaN	NaN	1562362.906784034	697.5316644430752	18163	60.44801324503311	3020	85498.09503077884	46.98354965920425	919	36.73459958932238	3896
r_pp_light_00318.fits	0	60195.583427905105	2460195.583427905	NaN	NaN	0	1.337294	NaN	-10.3	40	NaN	NaN	1538871.4871981386	688.6950290051502	16921	61.10206804536357	2998	85735.59243843924	47.0994232366153	921	36.92905230450544	3862
r_pp_light_00319.fits	0	60195.583973322064	2460195.583973322	NaN	NaN	0	1.338293	NaN	-10.3	40	NaN	NaN	1527933.578941503	684.7146464202747	17012	57.542514171390465	2999	87284.79628226561	47.930665190637896	1024	36.35920812711644	3839
r_pp_light_00320.fits	0	60195.584517268464	2460195.5845172685	NaN	NaN	0	1.339312	NaN	-10.3	40	NaN	NaN	1514426.471508076	679.8188027538791	17937	59.54374380983823	3029	107497.81631435233	58.83393755026934	1438	36.07832422586521	3843
