Label	Saturated	J.D.-2400000	JD_UTC	JD_SOBS	HJD_UTC	BJD_TDB	AIRMASS	ALT_OBJ	CCD-TEMP	EXPTIME	RAOBJ2K	DECOBJ2K	Source-Sky_T1	Source_SNR_T1	Peak_T1	Sky/Pixel_T1	N_Sky_Pixels_T1	Source-Sky_C2	Source_SNR_C2	Peak_C2	Sky/Pixel_C2	N_Sky_Pixels_C2
r_pp_light_00001.fits	0	60224.419282650575	2460224.4192826506	NaN	NaN	0	1.210501	NaN	-10.4	40	NaN	NaN	3560437.004705099	1328.664804468675	39400	12.255543237250555	3608	349891.59977492545	176.20578224302852	10136	0	1404
r_pp_light_00002.fits	0	60224.41982708359	2460224.4198270836	NaN	NaN	0	1.211124	NaN	-10.4	40	NaN	NaN	3654786.198779317	1354.6872403422394	44216	14.797437950360289	3747	387974.49967224884	197.4141265314178	12623	3.03137039075399	1817
r_pp_light_00003.fits	0	60224.420371539425	2460224.4203715394	NaN	NaN	0	1.211731	NaN	-10.3	40	NaN	NaN	3874728.678314425	1413.5776190450385	40853	15.946632782719186	3935	412839.9531320926	215.31686385110882	11334	12.538132191597539	3737
r_pp_light_00004.fits	0	60224.42091452563	2460224.4209145256	NaN	NaN	0	1.212342	NaN	-10.3	40	NaN	NaN	3635010.0926455846	1350.7057354911096	41819	17.821172396735097	4043	415260.6154923749	216.47997791162004	15082	12.074422353573347	3722
r_pp_light_00005.fits	0	60224.4214584725	2460224.4214584725	NaN	NaN	0	1.212956	NaN	-10.4	40	NaN	NaN	3568114.025371581	1331.1238396337176	44973	13.210583446404343	3685	402684.9201584411	204.41471717192763	15048	3.414593698175788	1809
r_pp_light_00006.fits	0	60224.42200320633	2460224.4220032063	NaN	NaN	0	1.21356	NaN	-10.4	40	NaN	NaN	3599411.025090886	1340.431601670529	44230	16.826546391752576	3880	361428.545617823	189.44288904013004	11029	10.388297872340425	3384
r_pp_light_00007.fits	0	60224.422547546215	2460224.422547546	NaN	NaN	0	1.214181	NaN	-10.4	40	NaN	NaN	3300463.11483685	1258.9994855599923	45620	18.854441403334164	4019	384643.6448301488	201.75095847149754	17712	15.58521144593568	3949
r_pp_light_00008.fits	0	60224.42309356481	2460224.423093565	NaN	NaN	0	1.214806	NaN	-10.3	40	NaN	NaN	3339794.25858967	1270.0576417783136	41802	18.24262701363073	4035	376664.85535400093	197.27810447837044	13474	12.241881298992162	3572
r_pp_light_00009.fits	0	60224.4236375466	2460224.4236375466	NaN	NaN	0	1.215431	NaN	-10.4	40	NaN	NaN	3471679.573149634	1306.0168955451675	44734	17.428970775095298	3935	407088.7367340294	212.78622413682552	17552	13.960335621662853	3933
r_pp_light_00010.fits	0	60224.42418195633	2460224.4241819563	NaN	NaN	0	1.216058	NaN	-10.4	40	NaN	NaN	3410453.837503644	1289.7586681438197	43345	18.031742125984252	4064	425346.2475978541	221.7917358616265	19046	14.04918444165621	3985
r_pp_light_00011.fits	0	60224.42472569458	2460224.4247256946	NaN	NaN	0	1.216688	NaN	-10.4	40	NaN	NaN	3494831.7265936416	1311.8780559545073	42740	15.57736539466806	3826	422511.128978482	220.13545892272333	18482	13.160263157894736	3800
r_pp_light_00012.fits	0	60224.42526964145	2460224.4252696414	NaN	NaN	0	1.217321	NaN	-10.4	40	NaN	NaN	3649973.7287344574	1354.4519251122015	42299	17.585488325382876	3983	419226.7904076949	218.31932476521922	16544	12.933478735005453	3668
r_pp_light_00013.fits	0	60224.42581339134	2460224.4258133913	NaN	NaN	0	1.217955	NaN	-10.4	40	NaN	NaN	3398757.634572249	1286.228776987353	47086	17.96119178768152	3994	423848.5230472019	221.02189895800316	20376	15.770975056689343	3969
r_pp_light_00014.fits	0	60224.4263572339	2460224.426357234	NaN	NaN	0	1.218594	NaN	-10.4	40	NaN	NaN	3420023.4055852983	1292.4573229403966	45020	19.485567514677104	4088	420631.36009903083	219.26271434546854	20017	13.619420516836335	3831
r_pp_light_00015.fits	0	60224.426901076455	2460224.4269010765	NaN	NaN	0	1.219235	NaN	-10.4	40	NaN	NaN	3344392.909991318	1270.5278092056988	51950	16.498959958398334	3846	423794.2049614364	220.57314283268397	22116	12.94842562432139	3684
r_pp_light_00016.fits	0	60224.427444768604	2460224.4274447686	NaN	NaN	0	1.21988	NaN	-10.4	40	NaN	NaN	3412408.708465887	1290.138236410769	44649	20.362196932211777	4042	422847.9044626616	220.5457381321473	20999	15.539989939637827	3976
r_pp_light_00017.fits	0	60224.427990139	2460224.427990139	NaN	NaN	0	1.220527	NaN	-10.4	40	NaN	NaN	3663690.884690734	1357.6191482122783	42967	19.88146052969915	3889	419911.9229634875	218.93714539924224	15869	14.889753566796369	3855
r_pp_light_00018.fits	0	60224.428535474464	2460224.4285354745	NaN	NaN	0	1.221178	NaN	-10.4	40	NaN	NaN	3465421.714499117	1304.9717294991701	47635	17.997066014669926	4090	421331.8788399302	219.73125499805138	20165	14.625510204081632	3920
r_pp_light_00019.fits	0	60224.42907931749	2460224.4290793175	NaN	NaN	0	1.22183	NaN	-10.4	40	NaN	NaN	3596896.567711527	1340.34572674842	42539	18.901790154152163	4022	418082.1383310256	217.39944169536312	16384	10.676317313259988	3454
r_pp_light_00020.fits	0	60224.42962311348	2460224.4296231135	NaN	NaN	0	1.222484	NaN	-10.4	40	NaN	NaN	3488582.386552511	1311.2510757485798	46445	20.317615440996825	4093	423057.9880441038	220.72941050226117	17158	15.308112130984867	4031
r_pp_light_00021.fits	0	60224.43016731506	2460224.430167315	NaN	NaN	0	1.223142	NaN	-10.3	40	NaN	NaN	3610945.3458449184	1344.1836699010348	41465	18.689638076351017	4034	423240.6515743521	220.69368577808322	15892	14.861998985286656	3942
r_pp_light_00022.fits	0	60224.430711122695	2460224.4307111227	NaN	NaN	0	1.2238	NaN	-10.3	40	NaN	NaN	3504072.1270665666	1315.0337575773685	41325	20.540946656649137	3993	425081.8154312514	221.51024807256266	17759	16.270277207392198	3896
r_pp_light_00023.fits	0	60224.43125550961	2460224.4312555096	NaN	NaN	0	1.224463	NaN	-10.4	40	NaN	NaN	3621007.1560666263	1346.7684208269368	46301	18.95460214517336	4009	421876.4096103532	220.07582666209683	16913	15.042756539235413	3976
r_pp_light_00024.fits	0	60224.431800161954	2460224.431800162	NaN	NaN	0	1.225129	NaN	-10.4	40	NaN	NaN	3452094.586708652	1300.7625853235459	45351	20.020880503144653	3975	425436.67733884003	221.7209574333889	18270	17.11079979623026	3926
r_pp_light_00025.fits	0	60224.43234400498	2460224.432344005	NaN	NaN	0	1.225781	NaN	-10.3	40	NaN	NaN	3577510.4370876285	1334.770688994693	40482	18.526889903602232	3942	421458.497590338	219.68070770010542	15799	15.138997142114835	3849
r_pp_light_00026.fits	0	60224.432888206095	2460224.432888206	NaN	NaN	0	1.226453	NaN	-10.4	40	NaN	NaN	3578756.4988520774	1335.5851509501165	44956	20.226600985221676	4060	421303.4213503438	219.79776302498985	17335	15.969369821742406	3983
r_pp_light_00027.fits	0	60224.43343200255	2460224.4334320026	NaN	NaN	0	1.227126	NaN	-10.4	40	NaN	NaN	3441378.0338186505	1298.2057762425295	47196	21.02727942983534	4069	422855.5857243261	220.4410131805125	17555	17.412110373019928	3914
r_pp_light_00028.fits	0	60224.433977708686	2460224.4339777087	NaN	NaN	0	1.227802	NaN	-10.4	40	NaN	NaN	3381160.2899429398	1281.2668056129944	43559	19.408942476764633	3981	421627.8028924793	219.93232851880495	19804	16.36432350718065	3969
r_pp_light_00029.fits	0	60224.434521551244	2460224.4345215512	NaN	NaN	0	1.228482	NaN	-10.4	40	NaN	NaN	3711309.6395035964	1370.969936902226	42649	20.5770848799802	4041	421214.24884238123	219.7301679285728	14913	16.707378494082096	3971
r_pp_light_00030.fits	0	60224.435066782404	2460224.4350667824	NaN	NaN	0	1.229164	NaN	-10.3	40	NaN	NaN	3335155.724413334	1268.8455991553344	45165	19.274876847290642	4060	423978.2390368751	221.10553903714123	20565	15.13696908771048	3979
r_pp_light_00031.fits	0	60224.43561159726	2460224.4356115973	NaN	NaN	0	1.229848	NaN	-10.3	40	NaN	NaN	3770553.8349399655	1386.6283845862192	39053	21.02474634991339	4041	414753.8519047169	216.48448714454315	14789	16.514322250639385	3910
r_pp_light_00032.fits	0	60224.43615525495	2460224.436155255	NaN	NaN	0	1.230535	NaN	-10.4	40	NaN	NaN	3464872.7086422206	1304.6169301574523	46659	21.98008849557522	4068	421327.89081630285	219.90466552588603	17916	17.564285714285713	4060
r_pp_light_00033.fits	0	60224.4366993634	2460224.4366993634	NaN	NaN	0	1.231224	NaN	-10.3	40	NaN	NaN	3325313.718139058	1265.992182704874	45189	20.360801781737194	4041	420300.114919481	219.30565196049537	20012	17.14941087991978	3989
r_pp_light_00034.fits	0	60224.43724357663	2460224.4372435766	NaN	NaN	0	1.231916	NaN	-10.3	40	NaN	NaN	3458287.5082064974	1303.183683909544	44825	21.9439364773821	4156	420794.212146418	219.51990986426193	18901	16.139505549949547	3964
r_pp_light_00035.fits	0	60224.437787095085	2460224.437787095	NaN	NaN	0	1.23261	NaN	-10.4	40	NaN	NaN	3351237.7079837983	1273.0894886824663	45206	20.517061021170612	4015	420000.58192313515	219.33810710414346	18593	17.27149101505585	4118
r_pp_light_00036.fits	0	60224.43833076395	2460224.438330764	NaN	NaN	0	1.23329	NaN	-10.4	40	NaN	NaN	3474069.522069296	1307.300739242791	44971	21.311723129417498	4103	416325.7164599602	217.42155265340998	17099	17.35094246031746	4032
r_pp_light_00037.fits	0	60224.438874699175	2460224.438874699	NaN	NaN	0	1.23399	NaN	-10.4	40	NaN	NaN	3423464.095846152	1293.0787281555486	42279	19.090523690773068	4010	423491.1741464048	220.97610582759708	16618	15.784922394678492	4059
r_pp_light_00038.fits	0	60224.43941966444	2460224.4394196644	NaN	NaN	0	1.234695	NaN	-10.4	40	NaN	NaN	3339433.994639636	1269.9720962696022	47517	20.20834361885954	4051	422346.62126765517	220.3345427838562	19791	18.994031335488685	4021
r_pp_light_00039.fits	0	60224.43996343762	2460224.4399634376	NaN	NaN	0	1.235398	NaN	-10.4	40	NaN	NaN	3458017.5504794335	1302.787744247451	43853	20.392233964118947	4069	422485.9843860335	220.30598151490776	17970	18.14940491263611	3949
r_pp_light_00040.fits	0	60224.440507569816	2460224.44050757	NaN	NaN	0	1.236106	NaN	-10.4	40	NaN	NaN	3552187.691164213	1328.2609382522594	40159	21.436926889714993	4035	416650.48885192047	217.52107254938684	16656	15.746231155778894	3980
r_pp_light_00041.fits	0	60224.44105159724	2460224.4410515972	NaN	NaN	0	1.236816	NaN	-10.4	40	NaN	NaN	3879969.055758498	1415.2510149852778	39090	21.53467062902427	4038	412195.61353708967	215.3566800691122	12366	16.813656828414207	3998
r_pp_light_00042.fits	0	60224.44159525493	2460224.441595255	NaN	NaN	0	1.237529	NaN	-10.4	40	NaN	NaN	3997199.5226946883	1445.7766722727297	38103	21.843673668783584	4094	410166.8721122164	214.40778694111123	10713	17.856328957146395	4037
r_pp_light_00043.fits	0	60224.44213877339	2460224.4421387734	NaN	NaN	0	1.238244	NaN	-10.4	40	NaN	NaN	3542970.505666646	1325.914078238661	40818	20.724477244772448	4065	422276.9377396925	220.28026771243705	15243	17.9095	4000
r_pp_light_00044.fits	0	60224.44268234959	2460224.4426823496	NaN	NaN	0	1.238963	NaN	-10.4	40	NaN	NaN	3650936.3096198654	1354.7417122353775	45924	22.484705297189755	4021	421824.12242502667	220.03946715298395	15569	17.852985449071753	3986
r_pp_light_00045.fits	0	60224.44322723383	2460224.443227234	NaN	NaN	0	1.239669	NaN	-10.3	40	NaN	NaN	3672275.133274399	1359.9334920733045	45860	23.88897396630934	3918	417851.023105459	218.1018536505272	12883	17.098393574297187	3984
r_pp_light_00046.fits	0	60224.44377156254	2460224.4437715625	NaN	NaN	0	1.240392	NaN	-10.4	40	NaN	NaN	3631559.9829065837	1349.5560449207028	39649	22.869781312127238	4024	419237.52529014216	218.817796308189	14674	17.466733117368552	4013
r_pp_light_00047.fits	0	60224.44431489613	2460224.444314896	NaN	NaN	0	1.241116	NaN	-10.4	40	NaN	NaN	3726780.387132636	1375.1101882429462	41121	20.97285291214215	4052	418370.9222421287	218.1938459659407	13838	18.43250901597115	3882
r_pp_light_00048.fits	0	60224.44485982647	2460224.4448598265	NaN	NaN	0	1.241846	NaN	-10.4	40	NaN	NaN	3674011.2983008972	1361.0649802854207	40156	22.073489519112208	4055	420164.6185419596	219.33502375950172	15093	18.770100811408902	4067
r_pp_light_00049.fits	0	60224.44540369231	2460224.4454036923	NaN	NaN	0	1.242578	NaN	-10.4	40	NaN	NaN	3651778.4716266785	1354.4979404301953	39149	22.36635179984682	3917	418724.3322319429	218.47716572411485	13953	17.033434650455927	3948
r_pp_light_00050.fits	0	60224.44594770856	2460224.4459477086	NaN	NaN	0	1.243312	NaN	-10.4	40	NaN	NaN	3593566.9542045705	1339.7769653126813	37936	23.33050642112915	4127	421977.01226042997	220.19106034109618	14087	18.492087042532145	4044
r_pp_light_00051.fits	0	60224.446491794195	2460224.446491794	NaN	NaN	0	1.244047	NaN	-10.4	40	NaN	NaN	3672268.3507560007	1360.724621491466	43337	21.495343137254903	4080	422121.829538062	220.153623367554	13241	19.064954682779454	3972
r_pp_light_00052.fits	0	60224.44703543978	2460224.44703544	NaN	NaN	0	1.244786	NaN	-10.4	40	NaN	NaN	3709037.4449510896	1370.4711541464753	38777	23.35929463629684	4083	416903.1141743569	217.5949953852546	13889	19.536407155454775	3969
r_pp_light_00053.fits	0	60224.447579120286	2460224.4475791203	NaN	NaN	0	1.245512	NaN	-10.4	40	NaN	NaN	3939551.496223363	1430.89337777649	40995	22.193785172498163	4087	416467.28217961517	217.47633390541645	11082	18.97594246031746	4032
r_pp_light_00054.fits	0	60224.44812312536	2460224.4481231254	NaN	NaN	0	1.246257	NaN	-10.3	40	NaN	NaN	4339757.823745415	1532.2585598362612	39021	23.015617491590582	4162	406419.3522298952	212.6016036682047	8367	18.726266601082145	4066
r_pp_light_00055.fits	0	60224.44866729202	2460224.448667292	NaN	NaN	0	1.247004	NaN	-10.4	40	NaN	NaN	4267430.8415916385	1514.0306569560319	37406	21.617776689520078	4084	408435.96730504464	213.6035964262469	8485	18.374662410999264	4073
r_pp_light_00056.fits	0	60224.44921079883	2460224.449210799	NaN	NaN	0	1.247754	NaN	-10.4	40	NaN	NaN	4085348.937869264	1468.055787580828	38966	21.79960415635824	4042	411749.68582502136	215.2391435459526	9751	20.35857352222765	4094
r_pp_light_00057.fits	0	60224.4497548379	2460224.449754838	NaN	NaN	0	1.248506	NaN	-10.4	40	NaN	NaN	4023688.9189714454	1452.1753597790362	39883	25.133598212068538	4027	413203.2205228142	215.88521866518315	10478	20.11102868447082	4044
r_pp_light_00058.fits	0	60224.450299745426	2460224.4502997454	NaN	NaN	0	1.249262	NaN	-10.4	40	NaN	NaN	4339750.8386827195	1532.025591038178	38908	23.31265206812652	4110	411688.03588971193	215.03776557984887	9269	19.952872983870968	3968
r_pp_light_00059.fits	0	60224.45084335655	2460224.4508433565	NaN	NaN	0	1.250019	NaN	-10.4	40	NaN	NaN	3851117.998826048	1407.7182706905328	37677	21.885806291800844	4037	414312.3086146882	216.31447137604408	11235	19.394796665824703	3959
r_pp_light_00060.fits	0	60224.451387025416	2460224.4513870254	NaN	NaN	0	1.250764	NaN	-10.4	40	NaN	NaN	4052142.2332715457	1459.911663361008	39871	24.4636803874092	4130	410319.98882498674	214.4529556806704	9065	19.20800198807157	4024
r_pp_light_00061.fits	0	60224.45193044003	2460224.45193044	NaN	NaN	0	1.251525	NaN	-10.4	40	NaN	NaN	3867131.3451364185	1411.9449721708902	38253	23.060404339250493	4056	417520.97449328186	217.86690472490548	10890	18.027925869510028	3939
r_pp_light_00062.fits	0	60224.4524741089	2460224.452474109	NaN	NaN	0	1.252292	NaN	-10.4	40	NaN	NaN	3880392.586447938	1415.1095476427995	38256	24.42275	4000	415509.3134675831	216.91528333663524	12032	18.826021180030256	3966
r_pp_light_00063.fits	0	60224.45301849535	2460224.4530184953	NaN	NaN	0	1.25306	NaN	-10.4	40	NaN	NaN	3810107.733799253	1396.8975758258925	36342	24.42127448549467	4033	408675.88700284396	213.6285266380058	10525	19.09725685785536	4010
r_pp_light_00064.fits	0	60224.453562175855	2460224.453562176	NaN	NaN	0	1.25383	NaN	-10.3	40	NaN	NaN	3730548.2439349843	1376.1849054726679	39512	23.03600293901543	4083	408001.35492534837	213.3349009158853	12440	20.990121017535195	4049
r_pp_light_00065.fits	0	60224.45410562493	2460224.454105625	NaN	NaN	0	1.254587	NaN	-10.4	40	NaN	NaN	3623934.7421317897	1347.0432699831767	41526	23.412334352701325	3924	414059.9761965584	216.27060699048914	11956	20.507707608155147	4022
r_pp_light_00066.fits	0	60224.4546493059	2460224.454649306	NaN	NaN	0	1.255361	NaN	-10.3	40	NaN	NaN	3740087.9464923493	1378.5110046877148	44587	22.5126425384234	4034	417246.11234829517	217.6726511016417	11627	20.44211602351137	3913
r_pp_light_00067.fits	0	60224.455192939844	2460224.45519294	NaN	NaN	0	1.256141	NaN	-10.4	40	NaN	NaN	3746666.3367859838	1380.662960418837	39321	23.775737071048816	4138	416861.7392234732	217.64302414266126	11078	19.87608857924857	4019
r_pp_light_00068.fits	0	60224.455738946795	2460224.455738947	NaN	NaN	0	1.256924	NaN	-10.3	40	NaN	NaN	3830288.0012913207	1402.6189937070633	38027	22.869997574581614	4123	413444.90819437435	215.9293167710497	10884	19.634403209628886	3988
r_pp_light_00069.fits	0	60224.45628270833	2460224.4562827083	NaN	NaN	0	1.257709	NaN	-10.4	40	NaN	NaN	3904544.713586195	1421.3271074606714	39396	23.520592667001505	3982	412597.2017266792	215.4853732183655	10969	18.869290941206156	3963
r_pp_light_00070.fits	0	60224.456826504786	2460224.456826505	NaN	NaN	0	1.258496	NaN	-10.4	40	NaN	NaN	3780430.576429605	1388.9452940543476	39618	26.08356198553255	4009	411627.30561762676	215.12132375348799	11568	21.531658043853167	4059
r_pp_light_00071.fits	0	60224.45737025468	2460224.4573702547	NaN	NaN	0	1.259267	NaN	-10.4	40	NaN	NaN	3787238.8205248383	1391.3045062027177	36559	22.809130645944634	4118	403650.85865181504	211.02785662214382	9912	20.38245792962774	3922
r_pp_light_00072.fits	0	60224.45791327581	2460224.457913276	NaN	NaN	0	1.260058	NaN	-10.4	40	NaN	NaN	4231662.50810077	1504.654992026163	38069	23.91768826619965	3997	398149.4757122954	208.3898006214053	7369	20.467993951612904	3968
r_pp_light_00073.fits	0	60224.45845719939	2460224.4584571994	NaN	NaN	0	1.260852	NaN	-10.4	40	NaN	NaN	3966119.733915712	1437.5813037444625	41484	22.925999013320176	4054	394915.3865101646	206.91922053987983	8465	20.93768472906404	4060
r_pp_light_00074.fits	0	60224.45900093764	2460224.4590009376	NaN	NaN	0	1.261649	NaN	-10.4	40	NaN	NaN	3881891.352195599	1415.7054889826907	38393	25.484826054774242	4053	389507.23913548945	204.1243784501232	9560	18.981776765375855	3951
r_pp_light_00075.fits	0	60224.45954479184	2460224.459544792	NaN	NaN	0	1.262448	NaN	-10.3	40	NaN	NaN	3667998.514053137	1359.4870304013032	36843	23.92438006383501	4073	400716.2915165959	209.71814968107623	11255	20.89176412042797	4019
r_pp_light_00076.fits	0	60224.46008848399	2460224.460088484	NaN	NaN	0	1.263233	NaN	-10.4	40	NaN	NaN	3748645.804348289	1380.4687443925811	38021	24.115945674044266	3976	387072.0468380259	202.89507022755308	10289	21.40152091254753	3945
r_pp_light_00077.fits	0	60224.4606318865	2460224.4606318865	NaN	NaN	0	1.264037	NaN	-10.4	40	NaN	NaN	3618802.8660725146	1346.423389109868	38633	24.88401559454191	4104	375934.4561486255	197.53247662513596	9580	22.3656973878758	4058
r_pp_light_00078.fits	0	60224.46117692161	2460224.4611769216	NaN	NaN	0	1.264847	NaN	-10.4	40	NaN	NaN	3649072.9926580735	1353.988024765329	39269	24.892183965820557	3979	384604.5089396329	201.77456850480834	10075	21.057534246575344	4015
r_pp_light_00079.fits	0	60224.461721041705	2460224.4617210417	NaN	NaN	0	1.265657	NaN	-10.4	40	NaN	NaN	3667815.4192866106	1359.411449029334	40270	24.260260506266896	4069	388383.98024675774	203.6119671772748	10160	19.252573437107706	3983
r_pp_light_00080.fits	0	60224.46226460673	2460224.4622646067	NaN	NaN	0	1.266469	NaN	-10.3	40	NaN	NaN	3580131.330057554	1335.464509742991	38039	24.858722976370036	3978	392398.3695049012	205.67620598540404	12224	20.536374845869297	4055
r_pp_light_00081.fits	0	60224.46280831052	2460224.4628083105	NaN	NaN	0	1.267266	NaN	-10.4	40	NaN	NaN	3536269.756119921	1324.0203709191487	35713	23.93338249754179	4068	382889.6548963723	200.98414041286514	11406	21.616937469226983	4062
r_pp_light_00082.fits	0	60224.46335339127	2460224.4633533913	NaN	NaN	0	1.268086	NaN	-10.4	40	NaN	NaN	3567666.064383224	1332.2335818851236	39736	24.36229712858926	4005	378023.9928029084	198.4068956310976	10385	21.815153826595473	3933
r_pp_light_00083.fits	0	60224.4638971067	2460224.4638971067	NaN	NaN	0	1.268907	NaN	-10.4	40	NaN	NaN	3587007.9066926204	1336.811869414517	36279	26.803092783505154	3880	378730.584153701	198.71983828212228	10470	21.590524967989758	3905
r_pp_light_00084.fits	0	60224.46444076393	2460224.464440764	NaN	NaN	0	1.26973	NaN	-10.4	40	NaN	NaN	3553281.7475868203	1328.4665001855085	40164	24.997770621748824	4037	373980.9267041823	196.52231013086234	9838	20.534512833291803	4013
r_pp_light_00085.fits	0	60224.464984872844	2460224.464984873	NaN	NaN	0	1.270555	NaN	-10.4	40	NaN	NaN	3313257.303592879	1262.7616457004533	37767	26.140632603406328	4110	359129.1038536604	189.07752749211025	11303	24.04449472096531	3978
r_pp_light_00086.fits	0	60224.46552854171	2460224.4655285417	NaN	NaN	0	1.271366	NaN	-10.3	40	NaN	NaN	3376098.743765497	1279.752151433528	35592	27.513230154767847	4006	336386.0175045782	177.8091731052926	9445	23.51805143422354	4044
r_pp_light_00087.fits	0	60224.466072650626	2460224.4660726506	NaN	NaN	0	1.272197	NaN	-10.4	40	NaN	NaN	3475756.052600843	1307.5530019274745	34959	27.458720078163164	4094	335969.17582158017	177.53314568186815	8437	23.34470647265429	3986
r_pp_light_00088.fits	0	60224.466618159786	2460224.46661816	NaN	NaN	0	1.273033	NaN	-10.4	40	NaN	NaN	3154183.2584145158	1217.7993254372154	37284	26.455921855921854	4095	336430.1453369909	177.88405873048688	9686	22.482488366397256	4083
r_pp_light_00089.fits	0	60224.46716184029	2460224.4671618403	NaN	NaN	0	1.273869	NaN	-10.4	40	NaN	NaN	3286377.2068662634	1254.5001378194645	34035	28.958543983822043	3956	305379.64645628125	162.2284429981303	7708	24.040766208251473	4072
r_pp_light_00090.fits	0	60224.46770476876	2460224.4677047688	NaN	NaN	0	1.274689	NaN	-10.4	40	NaN	NaN	3255576.9128549364	1245.6677620892212	36189	29.289762573398008	3917	309869.3699456018	164.49160010280713	8838	24.15859355790509	4067
r_pp_light_00091.fits	0	60224.46824879665	2460224.4682487966	NaN	NaN	0	1.27553	NaN	-10.4	40	NaN	NaN	3019867.7398681073	1178.6168930685667	36944	28.762036108324974	3988	327972.7800473327	173.64542127656628	11897	25.472851229607986	4107
r_pp_light_00092.fits	0	60224.468792465515	2460224.4687924655	NaN	NaN	0	1.276374	NaN	-10.4	40	NaN	NaN	3011816.592960313	1176.3369893909435	36260	28.43425	4000	331020.29143049056	175.14370964274403	11794	26.020578147966685	4082
r_pp_light_00093.fits	0	60224.46933677094	2460224.469336771	NaN	NaN	0	1.277221	NaN	-10.4	40	NaN	NaN	2959585.557493583	1161.4114418793024	38038	27.374692874692876	4070	324209.6212627071	171.74562263954365	11622	24.00244498777506	4090
r_pp_light_00094.fits	0	60224.46988057904	2460224.469880579	NaN	NaN	0	1.278053	NaN	-10.4	40	NaN	NaN	3353524.775540067	1272.931116674723	36914	29.343950680708964	3893	339666.2995162477	179.3626632700002	8885	25.367746797287115	3981
r_pp_light_00095.fits	0	60224.47042468749	2460224.4704246875	NaN	NaN	0	1.278904	NaN	-10.4	40	NaN	NaN	3361842.845166543	1276.0396826790454	36424	27.505048017729624	4061	347684.44909869775	183.53056800306416	9469	24.00292184075968	4107
r_pp_light_00096.fits	0	60224.470968414564	2460224.4709684146	NaN	NaN	0	1.279758	NaN	-10.4	40	NaN	NaN	3235472.9156125938	1240.1176343046811	38828	29.628803245436107	3944	342599.85957818275	180.8161333908157	10307	26.33752515090543	3976
r_pp_light_00097.fits	0	60224.47151215281	2460224.471512153	NaN	NaN	0	1.280614	NaN	-10.4	40	NaN	NaN	3559778.5988202323	1330.143293031926	36976	28.690994557149924	4042	339168.6550859233	179.10365028160672	8093	25.89788732394366	3976
r_pp_light_00098.fits	0	60224.47205690993	2460224.47205691	NaN	NaN	0	1.281457	NaN	-10.4	40	NaN	NaN	3463818.6202833313	1303.3990378926874	36363	28.908275685370228	3903	347361.79563739203	183.09871685921297	8295	25.49088575096277	3895
r_pp_light_00099.fits	0	60224.47260071756	2460224.4726007176	NaN	NaN	0	1.282319	NaN	-10.4	40	NaN	NaN	3157681.7710984102	1218.3059000762337	37140	27.89120080220607	3989	341944.9815346898	180.5663432650977	10375	25.630822596630328	4036
r_pp_light_00100.fits	0	60224.47314437525	2460224.4731443753	NaN	NaN	0	1.283183	NaN	-10.4	40	NaN	NaN	3066415.3490991895	1192.644617665565	35680	27.572749391727495	4110	305863.7947217329	162.54528213833913	8323	25.684730250481696	4152
r_pp_light_00101.fits	0	60224.47368857637	2460224.4736885764	NaN	NaN	0	1.284051	NaN	-10.4	40	NaN	NaN	3106371.4718285054	1203.2490614386818	35125	31.38675159235669	3925	297068.88576584664	157.87652520280264	8094	28.4234552332913	3965
r_pp_light_00102.fits	0	60224.47423237283	2460224.474232373	NaN	NaN	0	1.284902	NaN	-10.4	40	NaN	NaN	2996131.4750556326	1171.953158304502	35970	29.031628366691375	4047	297212.46220368956	157.9781886173627	7828	27.023349234245543	3983
r_pp_light_00103.fits	0	60224.47477570595	2460224.474775706	NaN	NaN	0	1.285774	NaN	-10.3	40	NaN	NaN	3246966.8328479473	1243.3666061895447	35427	29.61657374556513	3946	309887.1115153101	164.41671827912333	7136	26.324425574425575	4004
r_pp_light_00104.fits	0	60224.47531936364	2460224.4753193636	NaN	NaN	0	1.286647	NaN	-10.4	40	NaN	NaN	3334678.757573434	1268.6769100001943	35451	28.080311511316623	4109	292889.14986722183	155.74816607715243	6295	25.077235772357724	3936
r_pp_light_00105.fits	0	60224.47586302087	2460224.475863021	NaN	NaN	0	1.287526	NaN	-10.4	40	NaN	NaN	3294066.5441558966	1256.7922297093046	35659	29.08826479438315	3988	299919.8970968249	159.4582016209004	6467	24.521995576308676	4069
r_pp_light_00106.fits	0	60224.476407940034	2460224.47640794	NaN	NaN	0	1.288387	NaN	-10.4	40	NaN	NaN	3126958.491907766	1209.4186043386253	39180	27.596920747097425	3962	337608.8833756444	178.46162558701246	9184	24.372428991185114	4084
r_pp_light_00107.fits	0	60224.476951967925	2460224.476951968	NaN	NaN	0	1.28927	NaN	-10.3	40	NaN	NaN	3255137.926608476	1246.4820528149369	38417	27.089342073318768	4119	341941.0855157141	180.54158373187624	8030	25.49526892430279	4016
r_pp_light_00108.fits	0	60224.477497372776	2460224.477497373	NaN	NaN	0	1.290158	NaN	-10.3	40	NaN	NaN	3457378.450420329	1302.6082040948106	35522	28.62615235322659	4122	347805.6355772974	183.40684710224994	8521	26.38851095993953	3969
r_pp_light_00109.fits	0	60224.47804141231	2460224.4780414123	NaN	NaN	0	1.291027	NaN	-10.3	40	NaN	NaN	3207337.8299289476	1232.2541887573384	36959	27.569222981523666	3951	358330.1835540453	188.77105154598445	11266	24.052332757343866	4051
r_pp_light_00110.fits	0	60224.4785851161	2460224.478585116	NaN	NaN	0	1.291917	NaN	-10.4	40	NaN	NaN	3161979.4576153266	1219.4093505641597	36949	27.978798586572438	3962	358260.5139493102	188.7670424870447	10957	23.407662082514733	4072
r_pp_light_00111.fits	0	60224.479128773324	2460224.4791287733	NaN	NaN	0	1.292809	NaN	-10.4	40	NaN	NaN	3255673.2874438534	1245.6667747817428	38923	29.31449757095372	3911	357727.5817158894	188.33970255940494	10084	25.809451604751075	3957
r_pp_light_00112.fits	0	60224.47967292834	2460224.4796729283	NaN	NaN	0	1.293705	NaN	-10.4	40	NaN	NaN	3180579.891343696	1224.4240311524084	37922	29.418521360961883	3909	354696.8478082946	186.91839502295096	10233	24.58920129385419	4019
r_pp_light_00113.fits	0	60224.48021716438	2460224.4802171644	NaN	NaN	0	1.294584	NaN	-10.4	40	NaN	NaN	3039528.0096697225	1184.2862917974824	38144	27.96301886792453	3975	360453.3992797303	189.7182407367444	12075	25.330060422960724	3972
r_pp_light_00114.fits	0	60224.4807613194	2460224.4807613194	NaN	NaN	0	1.295484	NaN	-10.4	40	NaN	NaN	3328013.1752364347	1266.7125310793979	37093	27.411130178965433	4079	355462.4907706995	187.31409844297198	9604	24.644753162986852	4031
r_pp_light_00115.fits	0	60224.48130467627	2460224.4813046763	NaN	NaN	0	1.296387	NaN	-10.3	40	NaN	NaN	3350548.0155634694	1272.6622921148933	36043	27.46142322097378	4005	347586.98297341313	183.50048891240343	8491	22.78955042527339	4115
r_pp_light_00116.fits	0	60224.48184831021	2460224.48184831	NaN	NaN	0	1.297292	NaN	-10.4	40	NaN	NaN	3386096.616432939	1282.5771138743078	35514	27.940576827449032	4022	341118.02766736964	180.1532176929768	8170	24.46909903201787	4029
r_pp_light_00117.fits	0	60224.48239155114	2460224.482391551	NaN	NaN	0	1.298179	NaN	-10.4	40	NaN	NaN	3212947.0237497156	1233.533893230199	34742	29.031603288797534	3892	348142.71302110597	183.5485516311095	9535	26.910149329283726	3951
r_pp_light_00118.fits	0	60224.482936354354	2460224.4829363544	NaN	NaN	0	1.299092	NaN	-10.4	40	NaN	NaN	2987051.2516252873	1169.3089024540384	37594	28.077436912419593	4042	327541.8005511247	173.3538072735509	9296	24.031257752418753	4031
r_pp_light_00119.fits	0	60224.483480104245	2460224.4834801042	NaN	NaN	0	1.299985	NaN	-10.3	40	NaN	NaN	2986590.96073973	1168.815824874476	36172	29.942821158690176	3970	320054.22115280654	169.52275630897654	9243	26.096337180130458	3986
r_pp_light_00120.fits	0	60224.484024282545	2460224.4840242825	NaN	NaN	0	1.300901	NaN	-10.4	40	NaN	NaN	3179696.357788029	1224.776727886803	35890	28.013128560812486	4037	330746.13612441695	174.89675005904618	8668	26.462155388471178	3990
r_pp_light_00121.fits	0	60224.48456891207	2460224.484568912	NaN	NaN	0	1.30182	NaN	-10.4	40	NaN	NaN	3103364.871368013	1202.5766374041527	35196	28.641356618577575	3951	324761.2434031509	171.88742813951671	8594	25.950037660055234	3983
r_pp_light_00122.fits	0	60224.48511266196	2460224.485112662	NaN	NaN	0	1.302721	NaN	-10.4	40	NaN	NaN	3160533.2293302785	1218.8280845377378	35967	29.927591463414632	3936	325030.0024661066	172.00772683446843	8348	27.664154734991207	3981
r_pp_light_00123.fits	0	60224.48565672478	2460224.485656725	NaN	NaN	0	1.303644	NaN	-10.4	40	NaN	NaN	2923925.249796387	1150.2625551609062	38005	30.100254452926208	3930	316774.6718269283	167.82068286809212	9430	27.105876393110435	3948
r_pp_light_00124.fits	0	60224.48620081041	2460224.4862008104	NaN	NaN	0	1.30457	NaN	-10.4	40	NaN	NaN	3028749.301927555	1181.2216910844884	36449	29.085335335335337	3996	329480.38324914774	174.1819292595273	9060	26.426969156257964	3923
r_pp_light_00125.fits	0	60224.48674373841	2460224.4867437384	NaN	NaN	0	1.305498	NaN	-10.4	40	NaN	NaN	2964217.3914214913	1162.0490594916557	37477	29.63722236405412	3917	332821.61771118594	175.95275090504273	9536	27.436268396108755	4009
r_pp_light_00126.fits	0	60224.48728740774	2460224.4872874077	NaN	NaN	0	1.306407	NaN	-10.4	40	NaN	NaN	2990545.084488216	1170.0111117299834	36221	27.920342828333755	3967	335826.4308076623	177.45901407297063	10099	26.894158761857213	4006
r_pp_light_00127.fits	0	60224.48783115763	2460224.4878311576	NaN	NaN	0	1.30734	NaN	-10.4	40	NaN	NaN	3047200.2781165354	1186.723165507756	36151	27.99254658385093	4025	349295.7240802263	184.32793900267635	8958	24.936206476747017	4107
r_pp_light_00128.fits	0	60224.488376041874	2460224.488376042	NaN	NaN	0	1.308279	NaN	-10.4	40	NaN	NaN	3288060.6344810114	1254.9366698642211	37958	29.417109592508226	3951	376740.39707542694	197.7002328910427	9973	24.92203129007438	3899
r_pp_light_00129.fits	0	60224.488919421565	2460224.4889194216	NaN	NaN	0	1.309195	NaN	-10.4	40	NaN	NaN	3322629.6305618403	1264.696310131064	37111	27.953582240161452	3964	387677.6990498829	203.190490128269	10588	24.07577671129073	3959
r_pp_light_00130.fits	0	60224.489463171456	2460224.4894631715	NaN	NaN	0	1.310135	NaN	-10.4	40	NaN	NaN	3348490.605481905	1272.0648041754048	36015	26.48084147257701	3993	385508.69964436	202.26844969350475	10160	22.738798621368783	4062
r_pp_light_00131.fits	0	60224.490006863605	2460224.4900068636	NaN	NaN	0	1.311078	NaN	-10.4	40	NaN	NaN	3476100.7830415545	1306.9121578091756	34006	27.880152671755724	3930	380973.8110998888	199.9851709621582	9190	24.783028203859477	4042
r_pp_light_00132.fits	0	60224.49055038206	2460224.490550382	NaN	NaN	0	1.312004	NaN	-10.4	40	NaN	NaN	3339066.8344558156	1268.6246414464601	35262	27.965481171548117	3824	387127.468454522	202.9116104548601	9997	24.97373074008588	3959
r_pp_light_00133.fits	0	60224.49109383114	2460224.491093831	NaN	NaN	0	1.312951	NaN	-10.4	40	NaN	NaN	3418310.4097740212	1291.5051387814383	35815	28.92965073074065	4037	385469.48349030653	202.13535582654143	9242	25.320390781563127	3992
r_pp_light_00134.fits	0	60224.49163802108	2460224.491638021	NaN	NaN	0	1.313902	NaN	-10.4	40	NaN	NaN	3429335.6761462498	1294.55285023357	35613	25.924396916190002	4021	388176.2951015266	203.58813975266168	9461	22.834440344403443	4065
r_pp_light_00135.fits	0	60224.49218214117	2460224.492182141	NaN	NaN	0	1.314835	NaN	-10.4	40	NaN	NaN	3034565.758220678	1183.0622530491805	35705	26.11736855220533	4013	393869.07417887216	206.24403577983762	13432	22.874557410217502	3954
r_pp_light_00136.fits	0	60224.49272626173	2460224.4927262617	NaN	NaN	0	1.315791	NaN	-10.4	40	NaN	NaN	3132351.9579885635	1211.0764439309448	37036	28.072663492858933	3991	393196.5067455493	205.9494246717514	12000	24.40250626566416	3990
r_pp_light_00137.fits	0	60224.49326996552	2460224.4932699655	NaN	NaN	0	1.316749	NaN	-10.4	40	NaN	NaN	3132008.4843903007	1211.5888276261774	38089	27.33284918905834	4131	390712.2824219451	204.8444858586876	12351	23.399705376872085	4073
r_pp_light_00138.fits	0	60224.49381468771	2460224.4938146877	NaN	NaN	0	1.31769	NaN	-10.4	40	NaN	NaN	3283978.766896833	1253.835123676661	37256	26.411719939117198	3942	390145.35452876764	204.56323808226145	9929	22.060792517843957	4063
r_pp_light_00139.fits	0	60224.49435844924	2460224.4943584492	NaN	NaN	0	1.318653	NaN	-10.4	40	NaN	NaN	3138981.4609010587	1212.9305552251662	36066	27.020377358490567	3975	389278.4593730394	204.08302290476007	11725	24.421495789995046	4038
r_pp_light_00140.fits	0	60224.494901366066	2460224.494901366	NaN	NaN	0	1.319617	NaN	-10.4	40	NaN	NaN	3101294.091953852	1202.032120985694	37043	28.908930373360242	3964	390149.116080556	204.53203266736708	11915	25.97489539748954	4063
r_pp_light_00141.fits	0	60224.495445902925	2460224.495445903	NaN	NaN	0	1.320565	NaN	-10.4	40	NaN	NaN	3041042.1148873772	1184.8184782937174	35714	28.996252810392207	4003	389930.4527082714	204.36168362903183	12822	26.029631474103585	4016
r_pp_light_00142.fits	0	60224.49598876154	2460224.4959887615	NaN	NaN	0	1.321534	NaN	-10.4	40	NaN	NaN	3182421.1233609356	1225.2849066541369	37311	29.503136762860727	3985	383936.6307345771	201.33419073717835	11112	26.63675321401563	3967
r_pp_light_00143.fits	0	60224.496532326564	2460224.4965323266	NaN	NaN	0	1.322506	NaN	-10.4	40	NaN	NaN	3116043.7452480225	1206.691477792383	36534	29.072834645669293	4064	380614.00580727664	199.96560738105586	11548	25.066666666666666	4170
r_pp_light_00144.fits	0	60224.49707597215	2460224.497075972	NaN	NaN	0	1.32346	NaN	-10.4	40	NaN	NaN	3227981.9517610646	1238.2424573212818	35387	29.9695	4000	373650.9941178802	196.11181234791434	9135	24.999740663900415	3856
r_pp_light_00145.fits	0	60224.49761937512	2460224.497619375	NaN	NaN	0	1.324437	NaN	-10.4	40	NaN	NaN	2933352.7066366132	1152.990192223343	34627	30.0265373819852	3919	354761.93570229516	186.93988805163016	10951	25.989798457327694	4019
r_pp_light_00146.fits	0	60224.49816300953	2460224.4981630095	NaN	NaN	0	1.325416	NaN	-10.4	40	NaN	NaN	2878709.238650441	1137.0153537234708	38064	28.365272496831434	3945	358558.39421473804	188.72979117340282	11529	26.30213089802131	3942
r_pp_light_00147.fits	0	60224.49870677106	2460224.498706771	NaN	NaN	0	1.326378	NaN	-10.4	40	NaN	NaN	3048967.22028032	1186.966166681239	37579	28.313745271122322	3965	364268.10229753365	191.48614478665363	10760	26.601596703579705	3883
r_pp_light_00148.fits	0	60224.499251713045	2460224.499251713	NaN	NaN	0	1.327365	NaN	-10.3	40	NaN	NaN	3051671.1732212636	1188.1936983538367	38417	28.783889980353635	4072	369288.96095766494	194.2341990785246	11319	26.014467876410006	4078
r_pp_light_00149.fits	0	60224.49979538191	2460224.499795382	NaN	NaN	0	1.328331	NaN	-10.3	40	NaN	NaN	2974575.86922165	1164.9825619592757	36651	28.905165767154973	3891	361475.4477944962	190.13046517005378	11182	26.907625383828044	3908
r_pp_light_00150.fits	0	60224.500338946935	2460224.500338947	NaN	NaN	0	1.32932	NaN	-10.4	40	NaN	NaN	3014513.183090702	1176.6901603846725	35783	30.05674846625767	3912	359736.1689663276	189.39436579934036	10006	27.113744075829384	4009
r_pp_light_00151.fits	0	60224.50088230334	2460224.5008823033	NaN	NaN	0	1.330311	NaN	-10.4	40	NaN	NaN	2897544.607425882	1142.285438177605	37728	30.32253086419753	3888	359600.05839293357	189.19471895924758	11854	27.397645854657114	3908
r_pp_light_00152.fits	0	60224.501425902825	2460224.501425903	NaN	NaN	0	1.331284	NaN	-10.4	40	NaN	NaN	2794670.030202168	1112.1832316374134	36140	29.12112887112887	4004	372821.28370744805	195.86136531733277	13823	24.920734776044288	3974
r_pp_light_00153.fits	0	60224.50196973374	2460224.5019697337	NaN	NaN	0	1.332281	NaN	-10.3	40	NaN	NaN	2983495.2127844244	1167.4071077011047	37188	29.359885832900883	3854	368182.6465939077	193.52877344031734	11162	25.49924089068826	3952
r_pp_light_00154.fits	0	60224.50251273159	2460224.5025127316	NaN	NaN	0	1.333279	NaN	-10.4	40	NaN	NaN	3129354.5730743646	1209.719998504604	36632	28.621684264743756	3883	367074.18710953766	192.8894216864458	10448	25.535392535392536	3885
r_pp_light_00155.fits	0	60224.50305680558	2460224.5030568056	NaN	NaN	0	1.33426	NaN	-10.3	40	NaN	NaN	3218067.883240537	1235.1147659659762	37458	29.697834394904458	3925	361553.03769812227	190.32296679362074	8451	25.981849825957234	4022
r_pp_light_00156.fits	0	60224.50359984953	2460224.5035998495	NaN	NaN	0	1.335265	NaN	-10.4	40	NaN	NaN	2909439.4643850215	1146.2327438719883	35535	29.90687751004016	3984	366197.3783989194	192.48011728431018	12815	26.87142126789366	3912
r_pp_light_00157.fits	0	60224.50414386578	2460224.504143866	NaN	NaN	0	1.336248	NaN	-10.4	40	NaN	NaN	2978224.4678929686	1166.1884654097948	37604	30.55824008138352	3932	359947.6840508259	189.27556631454814	9988	26.984884023977067	3837
r_pp_light_00158.fits	0	60224.504688657355	2460224.5046886574	NaN	NaN	0	1.337259	NaN	-10.4	40	NaN	NaN	3063568.766223223	1190.959045367954	38744	31.327822990844354	3932	357974.9272368266	188.43795895011814	9910	27.33088421586015	3947
r_pp_light_00159.fits	0	60224.50523237279	2460224.505232373	NaN	NaN	0	1.33827	NaN	-10.4	40	NaN	NaN	3413799.0225076214	1288.9893346802185	34874	30.854795972443032	3774	349899.5960208811	184.52603842409394	7798	27.54149120634134	4037
r_pp_light_00160.fits	0	60224.50577577576	2460224.5057757758	NaN	NaN	0	1.339262	NaN	-10.4	40	NaN	NaN	3265180.1016987106	1247.7530352045967	34976	28.971202113606342	3785	366017.85150794877	192.55599889375443	9387	26.46395838493931	4037
r_pp_light_00161.fits	0	60224.506319479086	2460224.506319479	NaN	NaN	0	1.340277	NaN	-10.4	40	NaN	NaN	3087706.742110061	1197.8627157116953	36464	31.35765306122449	3920	376071.88532188203	197.38737072413022	12106	27.082547770700636	3925
r_pp_light_00162.fits	0	60224.50686376169	2460224.5068637617	NaN	NaN	0	1.341296	NaN	-10.4	40	NaN	NaN	3202831.3020221707	1230.9441731153956	36206	29.450821744627053	3955	371192.02976585086	194.94797477114852	10657	25.85794871794872	3900
r_pp_light_00163.fits	0	60224.50740675954	2460224.5074067595	NaN	NaN	0	1.342294	NaN	-10.4	40	NaN	NaN	3174158.364500082	1222.8951224414554	35073	28.42101284958428	3969	374491.7998249911	196.4613809530746	11320	25.877556371263765	3814
r_pp_light_00164.fits	0	60224.50795039348	2460224.5079503935	NaN	NaN	0	1.343317	NaN	-10.4	40	NaN	NaN	3345634.4008596377	1270.781804072191	37278	31.803420985448046	3917	376484.0782791084	197.72719471244267	9687	26.014424272569013	4021
r_pp_light_00165.fits	0	60224.508494641166	2460224.508494641	NaN	NaN	0	1.344343	NaN	-10.4	40	NaN	NaN	3376094.2112953085	1279.054858997221	34859	29.968459152016546	3868	381576.66141674644	200.12665171318383	10719	25.837700330704656	3931
r_pp_light_00166.fits	0	60224.509038333315	2460224.5090383333	NaN	NaN	0	1.345349	NaN	-10.4	40	NaN	NaN	3358688.9053881993	1274.631906781738	38873	27.97616028404768	3943	377529.7806736164	198.21381440786212	9796	24.672348959639006	3989
r_pp_light_00167.fits	0	60224.509581226856	2460224.509581227	NaN	NaN	0	1.346377	NaN	-10.4	40	NaN	NaN	3379718.9130747663	1280.3859944568094	36278	29.833417978669374	3938	378980.3989729515	199.01068293511122	9673	25.76312546216416	4057
r_pp_light_00168.fits	0	60224.51012613438	2460224.5101261344	NaN	NaN	0	1.34739	NaN	-10.4	40	NaN	NaN	3360705.968021449	1275.5370387622436	38201	28.02685899030092	4021	385443.7489555341	202.18705126570708	10230	24.431226765799256	4035
r_pp_light_00169.fits	0	60224.51066903956	2460224.5106690396	NaN	NaN	0	1.348423	NaN	-10.4	40	NaN	NaN	3089204.933645272	1198.84467541228	38705	28.045714285714286	4025	385832.3007445515	202.3668639140709	12061	25.549714852467147	4033
r_pp_light_00170.fits	0	60224.51121270843	2460224.5112127084	NaN	NaN	0	1.349438	NaN	-10.4	40	NaN	NaN	3278218.732196219	1251.5770225783585	36405	30.025359477124184	3825	380313.1405268143	199.5141075511275	10403	25.58532249873032	3938
r_pp_light_00171.fits	0	60224.51175696775	2460224.5117569678	NaN	NaN	0	1.350478	NaN	-10.4	40	NaN	NaN	3222571.1023833593	1236.691147717546	34994	30.006007509386734	3995	375973.812708916	197.31236954058414	10592	27.82762148337596	3910
r_pp_light_00172.fits	0	60224.512300613336	2460224.5123006133	NaN	NaN	0	1.351519	NaN	-10.4	40	NaN	NaN	3150476.3061692533	1216.4903406842043	35925	30.60955194485475	4062	368910.28861976427	193.918430786871	10783	26.94476525232237	3983
r_pp_light_00173.fits	0	60224.512844745535	2460224.5128447455	NaN	NaN	0	1.352542	NaN	-10.4	40	NaN	NaN	3300521.519529373	1258.658603498075	37125	28.174174174174173	3996	370906.1636696482	194.90430763333336	10052	25.93281328636135	3974
r_pp_light_00174.fits	0	60224.5133877201	2460224.51338772	NaN	NaN	0	1.353587	NaN	-10.4	40	NaN	NaN	3602275.720259834	1341.163299666753	35591	30.027081751455327	3951	350319.76292670734	184.5731153480528	7159	26.56549602665983	3901
r_pp_light_00175.fits	0	60224.51393144671	2460224.5139314467	NaN	NaN	0	1.354614	NaN	-10.4	40	NaN	NaN	3493585.238522904	1310.9345270588638	36425	30.041743725231175	3785	355382.9412980153	187.17518371186563	7789	26.651362260343088	3964
r_pp_light_00176.fits	0	60224.51447505783	2460224.514475058	NaN	NaN	0	1.355664	NaN	-10.4	40	NaN	NaN	3380161.8792228694	1279.9088530157599	36477	29.94647074258725	3811	355500.25943935337	187.0249739651744	9503	27.380839895013125	3810
r_pp_light_00177.fits	0	60224.51501890039	2460224.5150189004	NaN	NaN	0	1.356694	NaN	-10.3	40	NaN	NaN	3405341.566036226	1287.0708866166208	36233	31.333247022268253	3862	355343.5755245822	186.91541141964314	9186	26.491010047593864	3782
r_pp_light_00178.fits	0	60224.515563761815	2460224.515563762	NaN	NaN	0	1.357752	NaN	-10.3	40	NaN	NaN	3378071.858847325	1280.157035631094	35926	31.991004497751124	4002	357770.53670684085	188.45851187350334	9174	26.81539222964613	4041
r_pp_light_00179.fits	0	60224.51610747678	2460224.516107477	NaN	NaN	0	1.35881	NaN	-10.4	40	NaN	NaN	3521730.933868009	1319.7192044831925	37584	30.061847988077496	4026	371367.3283449031	195.07622988489268	8955	27.380203045685278	3940
r_pp_light_00180.fits	0	60224.51665044017	2460224.51665044	NaN	NaN	0	1.359845	NaN	-10.4	40	NaN	NaN	3413608.560649621	1289.1244165918731	36792	32.03770620581304	3819	378725.2823389902	198.75680807288805	9843	27.796827794561935	3972
r_pp_light_00181.fits	0	60224.5171941435	2460224.5171941435	NaN	NaN	0	1.360907	NaN	-10.4	40	NaN	NaN	3550456.5524232206	1326.8140925221992	38399	30.888602372356885	3878	380718.0378455995	199.6684965081878	8881	27.3029374201788	3915
r_pp_light_00182.fits	0	60224.517737349495	2460224.5177373495	NaN	NaN	0	1.361949	NaN	-10.4	40	NaN	NaN	3650180.942925208	1353.7324386171415	36754	31.75929248910536	3901	381480.0644539364	200.02983636167832	8855	27.94959058341863	3908
r_pp_light_00183.fits	0	60224.518280845135	2460224.518280845	NaN	NaN	0	1.363015	NaN	-10.4	40	NaN	NaN	3562748.6519507663	1330.6072319678651	37165	30.519487050540608	3977	386032.6568739827	202.27095116118704	9805	27.428864393745194	3901
r_pp_light_00184.fits	0	60224.51882371539	2460224.5188237154	NaN	NaN	0	1.364082	NaN	-10.4	40	NaN	NaN	3464670.768802112	1303.1152914696866	37145	31.926023084994753	3812	388822.18699142616	203.85642121174777	10544	27.418392504930967	4056
r_pp_light_00185.fits	0	60224.519367789384	2460224.5193677894	NaN	NaN	0	1.365132	NaN	-10.4	40	NaN	NaN	3842651.440554148	1404.9063665516476	37096	30.036662452591656	3955	388262.7162322161	203.59721333495358	7859	26.514890475018458	4063
r_pp_light_00186.fits	0	60224.519911122974	2460224.519911123	NaN	NaN	0	1.366204	NaN	-10.4	40	NaN	NaN	3744558.1416291227	1378.7585596665135	38295	30.614432989690723	3880	389978.525341278	204.38204052498006	9830	26.741662518666004	4018
r_pp_light_00187.fits	0	60224.520454872865	2460224.520454873	NaN	NaN	0	1.367258	NaN	-10.4	40	NaN	NaN	3716628.874618799	1371.6459110083929	35792	30.38842345773039	3939	393280.1675343888	205.9707098491562	8630	27.5459324155194	3995
r_pp_light_00188.fits	0	60224.52100047469	2460224.5210004747	NaN	NaN	0	1.36834	NaN	-10.4	40	NaN	NaN	3733512.42712204	1375.7351222201569	36063	30.47433903576983	3858	387926.44046227896	203.42241720032226	9060	26.17932905772077	4054
r_pp_light_00189.fits	0	60224.521543785	2460224.521543785	NaN	NaN	0	1.369396	NaN	-10.4	40	NaN	NaN	3723782.5097267847	1373.3419893670416	37543	30.042629686697484	3894	387462.9017983327	203.0008955354401	8760	27.472824700178617	3919
r_pp_light_00190.fits	0	60224.52208741894	2460224.522087419	NaN	NaN	0	1.370478	NaN	-10.4	40	NaN	NaN	3595080.830498379	1338.4101763008157	37740	31.81952506596306	3790	395837.4333052635	207.21343426450483	10449	26.99321608040201	3980
r_pp_light_00191.fits	0	60224.52263093786	2460224.522630938	NaN	NaN	0	1.371539	NaN	-10.4	40	NaN	NaN	3710797.4578058664	1369.9550349922833	37317	30.85553566862695	3911	389808.8943047954	204.06054753038723	8642	26.05672651574291	3843
r_pp_light_00192.fits	0	60224.523174733855	2460224.523174734	NaN	NaN	0	1.372626	NaN	-10.3	40	NaN	NaN	3735838.2786617163	1376.6697445374023	38043	31.57502543234995	3932	388421.7816292462	203.41185547214027	9820	26.40604807443784	3869
r_pp_light_00193.fits	0	60224.52371776616	2460224.523717766	NaN	NaN	0	1.373714	NaN	-10.4	40	NaN	NaN	4416475.267391153	1549.7535442732537	36143	30.422791293213827	3905	364702.2395839358	191.83283904979584	4917	26.641225207130304	3983
r_pp_light_00194.fits	0	60224.524261481594	2460224.5242614816	NaN	NaN	0	1.374782	NaN	-10.3	40	NaN	NaN	3927348.3736930285	1426.576390566824	37000	31.575321336760926	3890	382099.66323708295	200.42851774858212	7506	27.927816901408452	3976
r_pp_light_00195.fits	0	60224.524804907385	2460224.5248049074	NaN	NaN	0	1.375852	NaN	-10.3	40	NaN	NaN	3801918.224243169	1394.0995838575539	38902	31.325959827103993	3933	385242.97838025924	201.88029285217928	8774	28.40962621607783	3906
r_pp_light_00196.fits	0	60224.52534870384	2460224.525348704	NaN	NaN	0	1.376947	NaN	-10.4	40	NaN	NaN	3738580.8332706927	1377.2669888826028	37023	30.984362983850296	3901	388623.09866474447	203.59862957530302	9397	27.03939008894536	3935
r_pp_light_00197.fits	0	60224.52589156246	2460224.5258915625	NaN	NaN	0	1.378043	NaN	-10.4	40	NaN	NaN	3677331.3205742054	1361.2269974386707	37689	32.41308741788782	3958	380545.1365254216	199.66115052288393	9680	28.01634397787277	3977
r_pp_light_00198.fits	0	60224.52643718757	2460224.5264371876	NaN	NaN	0	1.379123	NaN	-10.4	40	NaN	NaN	3785076.2816863647	1389.7714315810147	36962	32.59464916708733	3962	374221.5787060618	196.58441276793826	8639	27.532519312235234	4013
r_pp_light_00199.fits	0	60224.52698016213	2460224.526980162	NaN	NaN	0	1.380223	NaN	-10.4	40	NaN	NaN	3608753.856711089	1342.6156567530177	38310	32.60911885245902	3904	382577.4400243364	200.67001562516378	9931	27.58371040723982	3978
r_pp_light_00200.fits	0	60224.52752399305	2460224.527523993	NaN	NaN	0	1.381304	NaN	-10.4	40	NaN	NaN	3865034.6359386323	1410.207915033783	36030	31.164241164241165	3848	380863.5726047799	199.79076719993947	8763	26.819447961509244	3949
r_pp_light_00201.fits	0	60224.528067419305	2460224.5280674193	NaN	NaN	0	1.382411	NaN	-10.3	40	NaN	NaN	3850446.9591163225	1406.0381654030255	37167	31.466631355932204	3776	384369.3187121298	201.48243058398572	8419	26.43517100561511	3918
r_pp_light_00202.fits	0	60224.52861226862	2460224.5286122686	NaN	NaN	0	1.383498	NaN	-10.3	40	NaN	NaN	4044736.56732248	1456.2993035530674	37410	31.022906793048975	3798	361191.14929825533	190.00776482643585	6890	28.712941774726673	3933
r_pp_light_00203.fits	0	60224.529155694414	2460224.5291556944	NaN	NaN	0	1.384607	NaN	-10.4	40	NaN	NaN	3593184.628683051	1338.5239288940068	39226	31.462991322103115	3918	361423.7144388384	190.17026713944375	8791	27.85595358224016	3964
r_pp_light_00204.fits	0	60224.52969932882	2460224.529699329	NaN	NaN	0	1.385697	NaN	-10.4	40	NaN	NaN	3315932.6573181804	1262.2252918269899	37179	33.522503879979304	3866	362209.4263363389	190.4964292791943	10749	29.888719124013242	3927
r_pp_light_00205.fits	0	60224.530242731795	2460224.530242732	NaN	NaN	0	1.38681	NaN	-10.4	40	NaN	NaN	3553269.5848135147	1327.152013842388	39475	30.632356822380576	3789	364324.44481181586	191.61712776916247	9632	27.096871846619575	3964
r_pp_light_00206.fits	0	60224.53078672476	2460224.5307867248	NaN	NaN	0	1.387904	NaN	-10.4	40	NaN	NaN	3695806.347272092	1365.776037417625	37850	32.62242268041237	3880	375600.0834860696	197.1522342465156	8946	28.121882951653944	3930
r_pp_light_00207.fits	0	60224.53133075265	2460224.5313307527	NaN	NaN	0	1.389024	NaN	-10.4	40	NaN	NaN	3322325.869650679	1264.4262017090832	39187	32.88919807740956	3953	396294.00268579496	207.4138135061278	13307	28.04837490551776	3969
r_pp_light_00208.fits	0	60224.53187538218	2460224.531875382	NaN	NaN	0	1.390122	NaN	-10.4	40	NaN	NaN	3451054.017432596	1299.6780314600517	37108	31.564970291914236	3871	388256.3809264716	203.39419904491967	11174	27.378061224489795	3920
r_pp_light_00209.fits	0	60224.53241872694	2460224.532418727	NaN	NaN	0	1.391245	NaN	-10.4	40	NaN	NaN	3680364.6944905906	1361.5248090153734	38733	31.665019505851756	3845	382483.1545814962	200.53019621241035	9926	27	3906
r_pp_light_00210.fits	0	60224.53296236135	2460224.5329623614	NaN	NaN	0	1.39237	NaN	-10.4	40	NaN	NaN	3460124.880129888	1302.6620564777304	40106	31.511937672782107	3979	396940.76724337373	207.82326283044162	12120	28.049554013875124	4036
r_pp_light_00211.fits	0	60224.53350570612	2460224.533505706	NaN	NaN	0	1.393472	NaN	-10.3	40	NaN	NaN	3448032.705751444	1298.8755515965436	38344	32.997425997426	3885	396016.87613175093	207.36661869873288	12064	27.039473684210527	4028
r_pp_light_00212.fits	0	60224.53404927114	2460224.534049271	NaN	NaN	0	1.394603	NaN	-10.4	40	NaN	NaN	3418624.3541051634	1290.9421511453852	41144	31.496417604913	3908	398987.802149866	208.64148306983333	13521	26.586330935251798	3892
r_pp_light_00213.fits	0	60224.534592974465	2460224.5345929745	NaN	NaN	0	1.39571	NaN	-10.3	40	NaN	NaN	3487049.582782796	1309.1676286589047	37737	31.589676060047406	3797	396408.5031228547	207.32716070103294	12074	28.001809720785936	3868
r_pp_light_00214.fits	0	60224.53513637744	2460224.5351363774	NaN	NaN	0	1.396841	NaN	-10.4	40	NaN	NaN	3853015.41197636	1407.205818627642	39014	31.960309278350515	3880	387744.25760723674	203.2443191452342	9375	27.54129129129129	3996
r_pp_light_00215.fits	0	60224.53568006959	2460224.5356800696	NaN	NaN	0	1.397953	NaN	-10.4	40	NaN	NaN	3731098.2561657494	1375.1389827922944	35992	30.483579001810188	3867	391276.3663539642	205.07957194463756	10318	26.4692118226601	4060
r_pp_light_00216.fits	0	60224.53622307908	2460224.536223079	NaN	NaN	0	1.399066	NaN	-10.4	40	NaN	NaN	4080091.0792069617	1465.5812888381324	37119	31.49520352605652	3857	382177.5590506966	200.3836736497136	7700	25.974634896233667	3903
r_pp_light_00217.fits	0	60224.53676719917	2460224.536767199	NaN	NaN	0	1.400205	NaN	-10.4	40	NaN	NaN	3756175.384160583	1381.73878145876	38974	32.06640826873385	3870	384197.7510954071	201.54636822741537	9459	27.9581475978207	4038
r_pp_light_00218.fits	0	60224.53731190972	2460224.5373119097	NaN	NaN	0	1.401349	NaN	-10.3	40	NaN	NaN	3559796.820544064	1329.4351912827456	40983	32.416176094189915	3907	396108.44534093374	207.33433365438222	11402	27.962534573799346	3977
r_pp_light_00219.fits	0	60224.5378558333	2460224.5378558333	NaN	NaN	0	1.40247	NaN	-10.4	40	NaN	NaN	3537731.11481896	1323.2027617123824	38323	33.32555728356662	3858	397165.6983980794	207.60468509093513	11888	28.86033079548438	3809
r_pp_light_00220.fits	0	60224.53839945607	2460224.538399456	NaN	NaN	0	1.403614	NaN	-10.4	40	NaN	NaN	3606400.4615378403	1341.79585710762	38085	32.535714285714285	3864	398743.48878957063	208.6095729125196	11439	27.4152563778732	3959
r_pp_light_00221.fits	0	60224.53894306719	2460224.538943067	NaN	NaN	0	1.404738	NaN	-10.4	40	NaN	NaN	3623958.7842856776	1346.2974746663383	40288	33.45699346405229	3825	399126.75585740973	208.79338770415447	11309	27.94215711038141	3959
r_pp_light_00222.fits	0	60224.53948668996	2460224.53948669	NaN	NaN	0	1.405886	NaN	-10.3	40	NaN	NaN	3766897.426439757	1384.4370237595938	36835	33.09898674980514	3849	392791.34015010705	205.61403440871268	10069	27.66871165644172	3912
r_pp_light_00223.fits	0	60224.54003034718	2460224.540030347	NaN	NaN	0	1.407014	NaN	-10.3	40	NaN	NaN	3706070.182776531	1369.099802171981	41564	32.890052356020945	4011	395996.1778046165	207.0162772190119	10036	29.075506445672193	3801
r_pp_light_00224.fits	0	60224.540573738515	2460224.5405737385	NaN	NaN	0	1.408165	NaN	-10.3	40	NaN	NaN	3747516.496015187	1379.4866337042806	37471	33.37220077220077	3885	391757.48884195474	205.29430999082945	10832	29.573221757322177	4063
r_pp_light_00225.fits	0	60224.541117396206	2460224.541117396	NaN	NaN	0	1.409297	NaN	-10.3	40	NaN	NaN	3746543.5611829082	1378.9865937966076	38321	33.44615384615385	3835	391094.6011264967	204.8392360945561	10149	29.065338042381434	3964
r_pp_light_00226.fits	0	60224.54166072933	2460224.5416607293	NaN	NaN	0	1.410452	NaN	-10.4	40	NaN	NaN	3445283.579192185	1297.8516947808894	38214	32.94226750261233	3828	389521.1322637348	204.03219344824564	12232	28.598273235144745	3938
r_pp_light_00227.fits	0	60224.54220440984	2460224.54220441	NaN	NaN	0	1.411587	NaN	-10.4	40	NaN	NaN	3500737.337117141	1313.109517859314	41959	34.502722323049	3857	382299.8558020629	200.37296374881896	12154	29.82658064516129	3875
r_pp_light_00228.fits	0	60224.54274924798	2460224.542749248	NaN	NaN	0	1.412725	NaN	-10.3	40	NaN	NaN	3406665.680696794	1287.1523263171198	42619	33.97171293871137	3818	379496.0788168772	198.9992686989385	11768	29.548827621746973	3881
r_pp_light_00229.fits	0	60224.54329241905	2460224.543292419	NaN	NaN	0	1.413886	NaN	-10.4	40	NaN	NaN	3395958.9764863737	1284.5975961021575	40145	33.57051282051282	3900	376427.6988389629	197.74614525573554	12566	29.945628214548126	4083
r_pp_light_00230.fits	0	60224.54383615777	2460224.543836158	NaN	NaN	0	1.415052	NaN	-10.4	40	NaN	NaN	3184678.2552548293	1225.2702459790062	41385	33.4611801242236	3864	365859.77613270894	192.32757735317756	14175	29.963977676306442	3942
r_pp_light_00231.fits	0	60224.544379190076	2460224.54437919	NaN	NaN	0	1.416193	NaN	-10.4	40	NaN	NaN	3263592.1794207073	1247.4440004799371	39573	33.61744791666667	3840	359290.58780349226	188.90376275184468	11698	30.13867085295657	3822
r_pp_light_00232.fits	0	60224.544923240785	2460224.544923241	NaN	NaN	0	1.417364	NaN	-10.4	40	NaN	NaN	3222350.4861246087	1235.4321450607067	38711	34.527364505844844	3764	351533.4745050594	185.05212452970108	11381	30.8974158183242	3831
r_pp_light_00233.fits	0	60224.54546622699	2460224.545466227	NaN	NaN	0	1.418509	NaN	-10.4	40	NaN	NaN	3345844.418692433	1270.8719155049457	39735	33.46797153024911	3934	337769.71582886355	178.241030067832	9948	29.036231884057973	3864
r_pp_light_00234.fits	0	60224.546010370366	2460224.5460103704	NaN	NaN	0	1.419681	NaN	-10.4	40	NaN	NaN	3507422.7441687128	1315.6128822886965	40129	33.15261446084563	3997	364937.2576438595	192.02743001939228	10313	28.27028360049322	4055
r_pp_light_00235.fits	0	60224.54655331047	2460224.5465533105	NaN	NaN	0	1.420828	NaN	-10.4	40	NaN	NaN	3433098.6743855844	1294.7139942977192	39833	34.018050541516246	3878	387548.4441563296	202.89987793212924	13528	28.915077083877712	3827
r_pp_light_00236.fits	0	60224.54709703708	2460224.547097037	NaN	NaN	0	1.42198	NaN	-10.4	40	NaN	NaN	3467172.0579643687	1304.3573421461504	39031	33.09525019050038	3937	384371.37888755853	201.5561866451218	12114	28.49347389558233	3984
r_pp_light_00237.fits	0	60224.547640613746	2460224.5476406137	NaN	NaN	0	1.423157	NaN	-10.4	40	NaN	NaN	3411567.251249594	1289.0782206921167	41159	33.08233799237611	3935	387553.05235383543	202.98085035448187	12607	27.94453044375645	3876
r_pp_light_00238.fits	0	60224.54818589147	2460224.5481858915	NaN	NaN	0	1.424316	NaN	-10.4	40	NaN	NaN	3625469.965976899	1347.3351180837738	41702	33.444051528163676	3959	389113.58586124016	203.8917308301906	11622	29.07151819322459	3985
r_pp_light_00239.fits	0	60224.54872928234	2460224.5487292823	NaN	NaN	0	1.425496	NaN	-10.4	40	NaN	NaN	3453919.9948234903	1300.7111164983792	38989	33.86465210766887	3938	394110.6139034877	206.31681410804148	13076	29.107097751957564	3959
r_pp_light_00240.fits	0	60224.54927336797	2460224.549273368	NaN	NaN	0	1.426656	NaN	-10.3	40	NaN	NaN	3613359.0813083854	1343.8466550791961	37222	33.51100307062436	3908	388476.5091152968	203.549373932617	11187	29.371659102370145	3966
r_pp_light_00241.fits	0	60224.5498170834	2460224.5498170834	NaN	NaN	0	1.427841	NaN	-10.4	40	NaN	NaN	3456476.4429092202	1300.7710709930625	40445	34.48029427220179	3806	385002.78056094574	201.56020708841086	11595	30.4931180518793	3778
r_pp_light_00242.fits	0	60224.55036085658	2460224.5503608566	NaN	NaN	0	1.429002	NaN	-10.4	40	NaN	NaN	3580418.6888186014	1334.8453523411467	37463	35.112882489071744	3889	380061.83074020984	199.31283570177692	10455	30.452825364356944	3911
r_pp_light_00243.fits	0	60224.5509044677	2460224.5509044677	NaN	NaN	0	1.430189	NaN	-10.4	40	NaN	NaN	3348945.5012774332	1270.8618730621727	39910	33.626066098081026	3752	378068.2330903495	198.3147371656223	12619	29.024659645517595	3893
r_pp_light_00244.fits	0	60224.55144748837	2460224.5514474884	NaN	NaN	0	1.431354	NaN	-10.4	40	NaN	NaN	3295262.1502228654	1256.5913722619428	38898	34.112307692307695	3900	377352.5277495619	198.13501864719777	14106	28.998260004971414	4023
r_pp_light_00245.fits	0	60224.55199126154	2460224.5519912615	NaN	NaN	0	1.43252	NaN	-10.4	40	NaN	NaN	3461162.5218190057	1302.1322706833762	41665	33.43894129979036	3816	364304.15738952404	191.47013431557028	10156	29.50090322580645	3875
r_pp_light_00246.fits	0	60224.552535139024	2460224.552535139	NaN	NaN	0	1.433714	NaN	-10.4	40	NaN	NaN	3595348.006560661	1339.584809623991	39223	35.43788589775253	4049	364955.4386231038	191.71836209833756	10576	31.512265135699373	3832
r_pp_light_00247.fits	0	60224.55307875015	2460224.55307875	NaN	NaN	0	1.434883	NaN	-10.4	40	NaN	NaN	3566558.8500580736	1331.2241333397176	41074	34.649284253578735	3912	358292.96701265365	188.57368093650933	10145	30.515067105596355	3949
r_pp_light_00248.fits	0	60224.55362349562	2460224.5536234956	NaN	NaN	0	1.436084	NaN	-10.4	40	NaN	NaN	3408238.6345382435	1287.3683462370152	38489	35.47831835007932	3782	357483.3116490388	188.13247535433305	11920	31.475668789808918	3925
r_pp_light_00249.fits	0	60224.554166400805	2460224.554166401	NaN	NaN	0	1.437255	NaN	-10.4	40	NaN	NaN	3416027.614925779	1289.9662922923962	39697	36.3651120845143	3881	348844.6311900487	183.82167686293047	10316	31.988778372864065	3921
r_pp_light_00250.fits	0	60224.55471032439	2460224.5547103244	NaN	NaN	0	1.438458	NaN	-10.4	40	NaN	NaN	3419947.2180956416	1290.682108233761	39826	37.064321344184826	3809	352169.76882913645	185.38092562949748	10465	32.97196261682243	3852
r_pp_light_00251.fits	0	60224.55525378464	2460224.5552537846	NaN	NaN	0	1.439633	NaN	-10.4	40	NaN	NaN	3657033.859229507	1355.6410702536425	39952	35.823439878234396	3942	354546.98941242154	186.54763427720377	8917	31.452101279039415	3831
r_pp_light_00252.fits	0	60224.55579770869	2460224.5557977087	NaN	NaN	0	1.440837	NaN	-10.4	40	NaN	NaN	3577160.760780866	1333.9930093777284	41423	37.013824884792626	3906	373441.3106058687	196.089642574101	11203	32.008084891359275	3958
r_pp_light_00253.fits	0	60224.55634087976	2460224.5563408798	NaN	NaN	0	1.442015	NaN	-10.4	40	NaN	NaN	3847318.6142105986	1405.3931512971883	39273	36.46366241208648	3839	376739.0647722537	197.44118513087105	8855	32.5030576974209	3761
r_pp_light_00254.fits	0	60224.55688505806	2460224.556885058	NaN	NaN	0	1.443197	NaN	-10.4	40	NaN	NaN	3898927.9872178026	1418.7429824388025	38703	36.675124247972796	3823	388271.27019950596	203.42442240860083	9451	30.90146538655887	3958
r_pp_light_00255.fits	0	60224.55742858816	2460224.557428588	NaN	NaN	0	1.444408	NaN	-10.4	40	NaN	NaN	3757590.3458557064	1382.5250888775813	38544	36.11046949535526	3983	390181.6583835672	204.2344296139114	10837	31.145887221934817	3866
r_pp_light_00256.fits	0	60224.55797234969	2460224.5579723497	NaN	NaN	0	1.445592	NaN	-10.4	40	NaN	NaN	3654776.0441917325	1354.5821354318912	40048	35.05831814631606	3841	389704.0928634662	204.03637111788166	11869	29.460329726944874	3882
r_pp_light_00257.fits	0	60224.55851619225	2460224.5585161922	NaN	NaN	0	1.446807	NaN	-10.4	40	NaN	NaN	3599479.875844576	1339.9862260849964	37862	36.43560800410467	3898	393679.7745473559	205.75578563309142	12672	31.978324859512977	3737
r_pp_light_00258.fits	0	60224.55906116916	2460224.559061169	NaN	NaN	0	1.447997	NaN	-10.4	40	NaN	NaN	3729455.2339055003	1374.0782460798443	40884	34.51129418017539	3763	393270.3635323124	205.9895398084893	10959	29.997269116186693	4028
r_pp_light_00259.fits	0	60224.559604687616	2460224.5596046876	NaN	NaN	0	1.449211	NaN	-10.4	40	NaN	NaN	3518763.2749155094	1318.04473579666	42187	35.151538660460304	3867	396604.7549526301	207.59125237814163	13538	29.515515515515517	3996
r_pp_light_00260.fits	0	60224.56014840305	2460224.560148403	NaN	NaN	0	1.450402	NaN	-10.4	40	NaN	NaN	3754964.279016479	1380.5740147936438	39004	37.361930294906166	3730	397567.425395105	207.89747109662974	11113	33.48397846705973	3901
r_pp_light_00261.fits	0	60224.560691423714	2460224.5606914237	NaN	NaN	0	1.451593	NaN	-10.4	40	NaN	NaN	3658934.4766823174	1356.1725025779454	40331	35.964285714285715	3948	394810.93945187307	206.62023674770518	12214	30.99619385942654	3941
r_pp_light_00262.fits	0	60224.561236412264	2460224.5612364123	NaN	NaN	0	1.452818	NaN	-10.4	40	NaN	NaN	3336591.1728088623	1267.8520791426122	43041	36.35616083009079	3855	403029.8324218455	210.50000478388	14203	32.42879458474356	3841
r_pp_light_00263.fits	0	60224.56177937519	2460224.561779375	NaN	NaN	0	1.454014	NaN	-10.4	40	NaN	NaN	3411904.249894127	1289.301486725412	39453	36.031391260673026	3982	403444.0184439399	210.80237552501814	14457	32.01433691756272	3906
r_pp_light_00264.fits	0	60224.56232309062	2460224.5623230906	NaN	NaN	0	1.455239	NaN	-10.4	40	NaN	NaN	3561677.659857065	1329.5967091729074	38890	37.925763062597	3866	397006.7709949646	207.5751621018854	12335	32.01761658031088	3860
r_pp_light_00265.fits	0	60224.562866261695	2460224.5628662617	NaN	NaN	0	1.456436	NaN	-10.4	40	NaN	NaN	3387396.859471487	1281.5392493072688	40578	35.53145739315105	3767	399144.3922158757	208.76960465524138	13520	31.065486725663717	3955
r_pp_light_00266.fits	0	60224.56340945605	2460224.563409456	NaN	NaN	0	1.457635	NaN	-10.4	40	NaN	NaN	3493026.0243301233	1310.7327871114987	46589	34.99342624244018	3803	394812.62410447217	206.7019541385789	13527	31.371564217891056	4002
r_pp_light_00267.fits	0	60224.563952407334	2460224.5639524073	NaN	NaN	0	1.458861	NaN	-10.3	40	NaN	NaN	3488450.398781721	1309.4250853393082	42627	36.42721768886549	3799	403638.9959708784	211.0991685857446	12838	30.9656195894138	4043
r_pp_light_00268.fits	0	60224.56449730322	2460224.564497303	NaN	NaN	0	1.460066	NaN	-10.4	40	NaN	NaN	3460430.2426910135	1302.539935124106	40388	37.953183991945636	3973	398345.8258113323	208.2540205400486	12444	32.45473304101109	3877
r_pp_light_00269.fits	0	60224.565040243324	2460224.5650402433	NaN	NaN	0	1.461297	NaN	-10.4	40	NaN	NaN	3444859.6894818144	1296.9054944015559	40233	35.90323457461267	3679	390846.11605859635	204.6023295185686	12926	31.559917885552988	3897
r_pp_light_00270.fits	0	60224.565583947115	2460224.565583947	NaN	NaN	0	1.462503	NaN	-10.4	40	NaN	NaN	3443314.5609525787	1297.2729988701037	41346	37.094432882414154	3844	389956.822312677	204.09507019493321	12859	31.46387733887734	3848
r_pp_light_00271.fits	0	60224.56612697942	2460224.5661269794	NaN	NaN	0	1.463732	NaN	-10.4	40	NaN	NaN	3322721.9235732853	1264.2785253435998	40839	36.488514548238896	3918	390006.8385347952	204.0351032326181	15654	31.553679767871273	3791
r_pp_light_00272.fits	0	60224.56667121546	2460224.5666712155	NaN	NaN	0	1.464942	NaN	-10.4	40	NaN	NaN	3482631.1610845868	1308.5609307184452	37548	37.9972236244321	3962	386740.81646739255	202.40419657656687	12294	31.970619375330863	3778
r_pp_light_00273.fits	0	60224.567215139046	2460224.567215139	NaN	NaN	0	1.466155	NaN	-10.4	40	NaN	NaN	3543562.335015228	1324.307680813592	39165	36.397035468501855	3778	395045.4226954582	206.68971803364826	12300	32.080204342273305	3915
r_pp_light_00274.fits	0	60224.56775890058	2460224.5677589006	NaN	NaN	0	1.467393	NaN	-10.4	40	NaN	NaN	3436159.4833202776	1294.9011109440867	39520	36.06657789613848	3755	409594.1138458741	213.72707595003746	14222	30.991666666666667	3840
r_pp_light_00275.fits	0	60224.56830254663	2460224.5683025466	NaN	NaN	0	1.468608	NaN	-10.4	40	NaN	NaN	3566601.4192250683	1330.8026797400385	39318	37.585461177696715	3838	399593.45630200946	208.89085869577724	12373	33.18881477680862	3898
r_pp_light_00276.fits	0	60224.56884629652	2460224.5688462965	NaN	NaN	0	1.469846	NaN	-10.4	40	NaN	NaN	3527674.046660015	1320.7317067942026	40361	37.00406607369759	3935	405212.4875220265	211.72321375698598	14171	32.47541814495692	3946
r_pp_light_00277.fits	0	60224.56938982662	2460224.5693898266	NaN	NaN	0	1.471061	NaN	-10.4	40	NaN	NaN	3464624.6320742564	1303.409585757653	41088	35.96666666666667	3900	410101.59016983345	213.93534311502574	15088	32.08769633507853	3820
r_pp_light_00278.fits	0	60224.5699347686	2460224.5699347686	NaN	NaN	0	1.47231	NaN	-10.4	40	NaN	NaN	3448868.315709373	1298.6832780864652	37199	37.71234309623431	3824	407506.558382736	212.74048848113472	13466	31.04580745341615	3864
r_pp_light_00279.fits	0	60224.57047834527	2460224.5704783453	NaN	NaN	0	1.473528	NaN	-10.4	40	NaN	NaN	3593069.6985023464	1337.6906069156587	37807	39.42217540163287	3797	400460.9369804652	209.318137653687	12725	33.86881885728926	3903
r_pp_light_00280.fits	0	60224.57102164347	2460224.5710216435	NaN	NaN	0	1.474746	NaN	-10.4	40	NaN	NaN	3509394.85892027	1315.1359489339907	39809	37.887867647058826	3808	408672.0026318878	213.46338289304606	13355	32.59527400703871	3978
r_pp_light_00281.fits	0	60224.571565451566	2460224.5715654516	NaN	NaN	0	1.475994	NaN	-10.4	40	NaN	NaN	3775984.015638804	1387.0993351741054	41306	38.39801879603759	3937	404044.1095133269	210.88362081238822	11351	34.13003177966102	3776
r_pp_light_00282.fits	0	60224.57210915536	2460224.5721091554	NaN	NaN	0	1.477216	NaN	-10.4	40	NaN	NaN	3619681.357797547	1345.565659007199	39787	38.54882069490236	3943	405573.10817120736	211.80953593463758	11540	33.40138853175623	3889
r_pp_light_00283.fits	0	60224.57265232643	2460224.5726523264	NaN	NaN	0	1.478438	NaN	-10.4	40	NaN	NaN	3752282.4945237725	1380.2795935986094	39172	37.18551561270008	3811	403020.1789109654	210.70481200861033	10807	32.060993975903614	3984
r_pp_light_00284.fits	0	60224.57319596084	2460224.573195961	NaN	NaN	0	1.479692	NaN	-10.4	40	NaN	NaN	3833304.9298122716	1401.8085958747292	36548	39.37784090909091	3872	401026.060258096	209.6747805263678	11234	33.926749179085625	3959
r_pp_light_00285.fits	0	60224.573738981504	2460224.5737389815	NaN	NaN	0	1.480913	NaN	-10.4	40	NaN	NaN	3885547.0694043087	1415.612822299968	37724	37.81491925147398	3901	403951.7802125487	210.92443820622628	10529	33.36206896551724	3828
r_pp_light_00286.fits	0	60224.57428260427	2460224.5742826043	NaN	NaN	0	1.48217	NaN	-10.4	40	NaN	NaN	4241693.834949562	1506.0141657338352	38481	38.40202966432474	3843	393444.3552028476	205.88044354530257	7497	33.47287615148414	3908
r_pp_light_00287.fits	0	60224.57482598396	2460224.574825984	NaN	NaN	0	1.483398	NaN	-10.4	40	NaN	NaN	4051317.217980914	1458.3288482884932	37177	37.41208088047095	3907	396578.55109879695	207.24370492627475	8930	32.22698412698413	3780
r_pp_light_00288.fits	0	60224.57537084492	2460224.575370845	NaN	NaN	0	1.48463	NaN	-10.4	40	NaN	NaN	4442751.925811763	1555.6640438005238	38840	38.8482722785139	3849	382578.6981052322	200.59636304730262	6616	32.96359959555106	3956
r_pp_light_00289.fits	0	60224.575914745685	2460224.5759147457	NaN	NaN	0	1.485888	NaN	-10.4	40	NaN	NaN	3947614.4288944537	1431.494948336021	41280	37.330222913426645	3858	397987.2898464404	208.22214725314245	10639	32.492334757476755	3979
r_pp_light_00290.fits	0	60224.576458923984	2460224.576458924	NaN	NaN	0	1.487121	NaN	-10.4	40	NaN	NaN	3816025.467239689	1396.9489993977515	41844	39.49710830704522	3804	401007.08252389485	209.62220581231392	11088	34.18651399491094	3930
r_pp_light_00291.fits	0	60224.577002071775	2460224.577002072	NaN	NaN	0	1.488384	NaN	-10.4	40	NaN	NaN	3866313.368983654	1410.460384657758	37466	39.31116267079144	3879	398009.52544010914	208.10690916950654	10197	34.05539882021031	3899
r_pp_light_00292.fits	0	60224.57754591433	2460224.5775459143	NaN	NaN	0	1.489615	NaN	-10.4	40	NaN	NaN	4034423.158777816	1453.6545192580872	36862	39.11114003123373	3842	394869.6907672114	206.54912183828083	10266	33.413384813384816	3885
r_pp_light_00293.fits	0	60224.57808952546	2460224.5780895255	NaN	NaN	0	1.490854	NaN	-10.4	40	NaN	NaN	3885205.53988493	1415.4729845375587	40007	36.58820499613701	3883	397923.0470094331	207.87873836586434	9509	32.484196547144755	3765
r_pp_light_00294.fits	0	60224.578633205965	2460224.578633206	NaN	NaN	0	1.492117	NaN	-10.4	40	NaN	NaN	3844695.7831782857	1404.9656026564764	37832	38.41419057377049	3904	397880.7421209812	207.95413842019383	10452	32.90237535891412	3831
r_pp_light_00295.fits	0	60224.57917697914	2460224.579176979	NaN	NaN	0	1.493355	NaN	-10.4	40	NaN	NaN	3927465.054120422	1426.6372958560814	37750	37.82562277580071	3934	393833.8099866559	205.98851387659033	9375	32.4445889698231	3844
r_pp_light_00296.fits	0	60224.579720729496	2460224.5797207295	NaN	NaN	0	1.494591	NaN	-10.4	40	NaN	NaN	3869185.964646361	1411.661189199728	36734	36.763636363636365	3960	397903.76634848665	208.06939153590295	9832	32.37009489612721	3899
r_pp_light_00297.fits	0	60224.58026484959	2460224.5802648496	NaN	NaN	0	1.495862	NaN	-10.4	40	NaN	NaN	3863589.3941688025	1409.6847241838032	36556	37.719917012448136	3856	394271.9734050161	206.06341268205406	9380	33.103090037293555	3754
r_pp_light_00298.fits	0	60224.58080979204	2460224.580809792	NaN	NaN	0	1.497106	NaN	-10.4	40	NaN	NaN	4047959.54488959	1457.2565444821169	37831	37.908667529107376	3865	392867.7393759677	205.48026042250544	8708	33.58490073145246	3828
r_pp_light_00299.fits	0	60224.581352858804	2460224.581352859	NaN	NaN	0	1.498347	NaN	-10.4	40	NaN	NaN	3874125.4319838355	1412.5416689834735	39179	37.988662715794895	3881	399735.8011998358	209.00046366722657	10716	33.40361599185129	3927
r_pp_light_00300.fits	0	60224.58189653931	2460224.5818965393	NaN	NaN	0	1.499617	NaN	-10.4	40	NaN	NaN	3852796.142632817	1406.7991050461123	37529	38.858367983367984	3848	399162.0796228476	208.69355069411117	10986	33.338193911486314	3909
r_pp_light_00301.fits	0	60224.582439664286	2460224.5824396643	NaN	NaN	0	1.50086	NaN	-10.4	40	NaN	NaN	3608075.7278048624	1342.042453733384	38425	38.791601866251945	3858	395647.8089195379	206.71987788353002	12166	33.57532051282051	3744
r_pp_light_00302.fits	0	60224.58298289357	2460224.5829828936	NaN	NaN	0	1.502132	NaN	-10.4	40	NaN	NaN	3683478.346024586	1361.854487976075	37433	36.278514588859416	3770	398106.60521040065	208.09203573783876	12182	31.65747006767309	3842
r_pp_light_00303.fits	0	60224.58352664346	2460224.5835266435	NaN	NaN	0	1.503374	NaN	-10.4	40	NaN	NaN	4003319.8593444126	1445.6271026201211	38213	38.879540109746536	3827	392057.85538541846	205.05254233935463	9075	34.439286650931024	3813
r_pp_light_00304.fits	0	60224.584070266224	2460224.584070266	NaN	NaN	0	1.504625	NaN	-10.4	40	NaN	NaN	3518934.4377528625	1317.8269309038717	38298	39.31126173096976	3836	402408.33413831115	210.0559264424722	12492	34.62493354598618	3762
r_pp_light_00305.fits	0	60224.5846136692	2460224.584613669	NaN	NaN	0	1.5059	NaN	-10.4	40	NaN	NaN	3834240.881905336	1402.4423245679322	40473	39.43615676359039	3955	398644.0617144572	208.37915737942393	10622	33.753229974160206	3870
r_pp_light_00306.fits	0	60224.5851575234	2460224.5851575234	NaN	NaN	0	1.50715	NaN	-10.3	40	NaN	NaN	3537683.915469337	1323.232494560681	39083	38.91820512820513	3900	398714.97443437966	208.36908272431114	12185	34.187662675689744	3842
r_pp_light_00307.fits	0	60224.5857010535	2460224.5857010535	NaN	NaN	0	1.5084	NaN	-10.4	40	NaN	NaN	3680456.98282909	1361.6329839148084	39763	39.210391604811875	3907	397196.6240435521	207.73205962053774	12234	33.85951468710089	3915
r_pp_light_00308.fits	0	60224.58624608815	2460224.586246088	NaN	NaN	0	1.509681	NaN	-10.4	40	NaN	NaN	3877097.847599788	1412.679691564735	38835	38.41544607190413	3755	392910.98104992067	205.59283215148014	10335	33.929874133059336	3893
r_pp_light_00309.fits	0	60224.58679001173	2460224.5867900117	NaN	NaN	0	1.510934	NaN	-10.4	40	NaN	NaN	3899377.5233746325	1418.8079336438784	38277	40.41340636411059	3834	393491.4949166304	205.77695422576187	9377	35.63631620140882	3833
r_pp_light_00310.fits	0	60224.58733385429	2460224.5873338543	NaN	NaN	0	1.512183	NaN	-10.4	40	NaN	NaN	3934326.5718340348	1427.7418505569806	36787	39.11622403365764	3803	393315.5131472469	205.7093813568432	9475	34.9583550234253	3842
r_pp_light_00311.fits	0	60224.58787746541	2460224.5878774654	NaN	NaN	0	1.513464	NaN	-10.4	40	NaN	NaN	3769239.0562799135	1385.3634496784673	37723	41.02852094901565	3962	402362.8740274929	210.26312834403274	11428	35.53328232593726	3921
r_pp_light_00312.fits	0	60224.58842201391	2460224.588422014	NaN	NaN	0	1.514721	NaN	-10.3	40	NaN	NaN	3815381.816301288	1397.0002357953322	38175	38.50585480093677	3843	400876.8117758158	209.5990480196878	10783	35.02421796165489	3964
r_pp_light_00313.fits	0	60224.58896603016	2460224.58896603	NaN	NaN	0	1.515977	NaN	-10.4	40	NaN	NaN	4196002.684481913	1494.7791894759048	37375	40.01515540714102	3893	380355.43882001395	199.4252413019629	7850	36.23329933707292	3922
r_pp_light_00314.fits	0	60224.58951025456	2460224.5895102546	NaN	NaN	0	1.517235	NaN	-10.4	40	NaN	NaN	3872351.037969174	1411.9326532845182	37876	40.12787988609889	3863	383146.87423070625	200.78919634342301	10191	35.25985663082437	3906
r_pp_light_00315.fits	0	60224.590053819586	2460224.5900538196	NaN	NaN	0	1.51852	NaN	-10.4	40	NaN	NaN	3774539.363254524	1386.030891626498	37442	40.51471361008933	3806	381500.04278074263	199.87908199881278	9738	35.1162669447341	3836
r_pp_light_00316.fits	0	60224.59059741907	2460224.590597419	NaN	NaN	0	1.519773	NaN	-10.4	40	NaN	NaN	3630599.4306778884	1347.9658123980514	40358	41.797402597402595	3850	381108.31855474017	199.67258336744123	10451	36.885848318999216	3837
r_pp_light_00317.fits	0	60224.59114041692	2460224.591140417	NaN	NaN	0	1.521062	NaN	-10.4	40	NaN	NaN	3788019.4047361626	1389.4473868704647	38440	39.12513255567338	3772	383107.6274245022	200.6134065206774	9261	35.37476955491177	3797
r_pp_light_00318.fits	0	60224.59168547485	2460224.591685475	NaN	NaN	0	1.522325	NaN	-10.4	40	NaN	NaN	3799637.4560186337	1392.444767707366	36751	40.55080923321836	3769	387096.05409884034	202.56167638657416	10176	35.83843717001056	3788
r_pp_light_00319.fits	0	60224.59222891228	2460224.5922289123	NaN	NaN	0	1.523608	NaN	-10.4	40	NaN	NaN	3748946.001751352	1379.4592510891268	39815	41.106084243369736	3846	390342.30326659704	204.26164605923546	10626	35.931311560393986	3858
r_pp_light_00320.fits	0	60224.592772662174	2460224.592772662	NaN	NaN	0	1.52487	NaN	-10.4	40	NaN	NaN	3838647.9473196426	1403.5386679075207	37577	39.123572697284956	3941	388251.1466871846	203.33853957820259	9742	35.35318066157761	3930
r_pp_light_00321.fits	0	60224.59331653966	2460224.5933165397	NaN	NaN	0	1.526132	NaN	-10.4	40	NaN	NaN	3894042.3339303187	1416.9545078663334	36482	40.986378205128204	3744	385149.6847550294	201.79246005043063	8832	35.5876499106915	3919
r_pp_light_00322.fits	0	60224.593860706314	2460224.5938607063	NaN	NaN	0	1.527423	NaN	-10.4	40	NaN	NaN	3609110.1103436337	1342.33325408985	40198	40.043950361944155	3868	390577.88960471377	204.39266995529363	11707	34.14463452566096	3858
r_pp_light_00323.fits	0	60224.594404328614	2460224.5944043286	NaN	NaN	0	1.528687	NaN	-10.4	40	NaN	NaN	3403941.5191992377	1286.2397065283155	39322	40.144502617801045	3820	394287.47232690995	206.3596223592721	12347	34.95558920010093	3963
r_pp_light_00324.fits	0	60224.594947997946	2460224.594947998	NaN	NaN	0	1.529946	NaN	-10.4	40	NaN	NaN	3610564.0677968827	1342.8984339466426	41248	39.55586878523834	3902	391785.56635963346	205.05292665304583	10443	34.63731763501408	3907
r_pp_light_00325.fits	0	60224.595492048655	2460224.5954920487	NaN	NaN	0	1.531212	NaN	-10.4	40	NaN	NaN	3755350.429816758	1381.2655770802508	37972	40.11257763975155	3864	391641.56834191317	205.0022909142849	10106	35.56939139292081	3927
r_pp_light_00326.fits	0	60224.596036226954	2460224.596036227	NaN	NaN	0	1.532506	NaN	-10.4	40	NaN	NaN	3798211.1100239423	1393.1204523614151	36172	40.15654791771199	3986	389234.0666853952	203.78974496563916	9731	34.95876024590164	3904
r_pp_light_00327.fits	0	60224.59658001177	2460224.596580012	NaN	NaN	0	1.533772	NaN	-10.4	40	NaN	NaN	3951535.172965666	1432.2610849889911	38607	39.057359874279726	3818	386982.45232300385	202.70306839372716	8814	32.9186284544524	3908
r_pp_light_00328.fits	0	60224.597125081345	2460224.5971250813	NaN	NaN	0	1.53507	NaN	-10.4	40	NaN	NaN	3490408.021564131	1309.9958859138226	39770	39.49241631799163	3824	393864.7532996994	206.15878547687134	11625	34.44010088272383	3965
r_pp_light_00329.fits	0	60224.5976686459	2460224.597668646	NaN	NaN	0	1.536337	NaN	-10.4	40	NaN	NaN	3575948.786204929	1333.415926795584	39199	39.888630490956075	3870	394548.64905334555	206.3412025549334	11587	34.87794765483286	3859
r_pp_light_00330.fits	0	60224.59821278928	2460224.5982127893	NaN	NaN	0	1.537606	NaN	-10.4	40	NaN	NaN	3751989.511211909	1380.3677166901687	36370	41.67579436838027	3871	394473.51017458417	206.25666014076702	9917	36.51720542231491	3836
r_pp_light_00331.fits	0	60224.59875618061	2460224.5987561806	NaN	NaN	0	1.538869	NaN	-10.4	40	NaN	NaN	3851894.549401432	1406.8583067533432	36597	40.448838989538146	3919	392679.6832011243	205.50006548918685	9513	35.129501915708815	3915
r_pp_light_00332.fits	0	60224.59930038219	2460224.599300382	NaN	NaN	0	1.540167	NaN	-10.4	40	NaN	NaN	3854352.356014333	1407.1613471914065	39751	40.06292251690068	3846	392171.4823268637	205.2739836940047	9643	34.78142493638677	3930
r_pp_light_00333.fits	0	60224.599843865726	2460224.5998438657	NaN	NaN	0	1.541436	NaN	-10.4	40	NaN	NaN	3642219.2694862657	1351.1140017137873	37598	40.00545879906421	3847	395430.7837273336	206.79956126450313	11269	34.53278265358802	3874
r_pp_light_00334.fits	0	60224.60038774321	2460224.600387743	NaN	NaN	0	1.542734	NaN	-10.4	40	NaN	NaN	3521109.948117012	1318.5423306423652	37767	39.50116489774786	3863	398402.19359883375	208.40535911118258	12177	36.03361766181636	3986
r_pp_light_00335.fits	0	60224.60093075223	2460224.600930752	NaN	NaN	0	1.544003	NaN	-10.4	40	NaN	NaN	3779867.6836966225	1387.844925942753	39029	40.39485861182519	3890	395096.3950663869	206.69347730733696	9242	34.74795709908069	3916
r_pp_light_00336.fits	0	60224.60147445602	2460224.601474456	NaN	NaN	0	1.545275	NaN	-10.4	40	NaN	NaN	3540042.0702484855	1323.2345726523693	39908	41.01984126984127	3780	397214.5115540104	207.69198741645494	11851	35.55358519660756	3891
r_pp_light_00337.fits	0	60224.60201797448	2460224.6020179745	NaN	NaN	0	1.546568	NaN	-10.4	40	NaN	NaN	3403968.9430351355	1286.8758942753807	39989	40.39686552072801	3956	398752.38194584736	208.51040339665138	12954	36.03758252920264	3938
r_pp_light_00338.fits	0	60224.602563032415	2460224.6025630324	NaN	NaN	0	1.547844	NaN	-10.4	40	NaN	NaN	3703049.5372054633	1367.1914245455828	38975	41.66866997648288	3827	395820.1890930245	207.02777905813642	10319	37.110089399744574	3915
r_pp_light_00339.fits	0	60224.6031065858	2460224.603106586	NaN	NaN	0	1.549116	NaN	-10.4	40	NaN	NaN	3773436.1926009394	1386.1434326519718	36237	41.01284686536485	3892	393406.3543872735	205.82188756588863	10281	36.998974621891826	3901
r_pp_light_00340.fits	0	60224.60365033569	2460224.6036503357	NaN	NaN	0	1.550389	NaN	-10.4	40	NaN	NaN	3559925.6930151335	1328.4673390981313	38565	40.11481975967957	3745	395243.757848683	206.66656143780662	11686	36.45423904589059	3857
r_pp_light_00341.fits	0	60224.604193796404	2460224.6041937964	NaN	NaN	0	1.551684	NaN	-10.4	40	NaN	NaN	3344012.840611032	1269.7795888592605	39876	41.9994817310184	3859	399097.0062003521	208.63234002455414	13530	36.410545175326334	3907
r_pp_light_00342.fits	0	60224.604738947004	2460224.604738947	NaN	NaN	0	1.552967	NaN	-10.4	40	NaN	NaN	3569476.581687863	1331.5188155188882	39253	41.30829217572134	3847	393772.11174063507	206.08668214460266	10781	36.097067745197165	3956
r_pp_light_00343.fits	0	60224.60528246546	2460224.6052824655	NaN	NaN	0	1.554235	NaN	-10.4	40	NaN	NaN	3932245.24587493	1427.675344962727	37028	39.997695262483994	3905	384474.80869516026	201.36360697447745	8200	34.7678107124285	3846
r_pp_light_00344.fits	0	60224.60582613433	2460224.6058261343	NaN	NaN	0	1.555537	NaN	-10.4	40	NaN	NaN	3811061.974235014	1395.919169230442	34849	40.62984997413347	3866	388896.50635537005	203.54885335377534	8646	35.19283675058396	3853
r_pp_light_00345.fits	0	60224.60636973381	2460224.606369734	NaN	NaN	0	1.556812	NaN	-10.4	40	NaN	NaN	3524769.6027079322	1319.8133651782177	39816	39.66887586031098	3923	394466.3720990128	206.40002559646828	11284	34.97887503181471	3929
r_pp_light_00346.fits	0	60224.60691349534	2460224.6069134953	NaN	NaN	0	1.558082	NaN	-10.4	40	NaN	NaN	3210638.6696853642	1232.5996067196747	37770	39.133641737342586	3891	399419.63233864575	208.6886277082318	13868	34.83542319749216	3828
r_pp_light_00347.fits	0	60224.6074569677	2460224.6074569677	NaN	NaN	0	1.559356	NaN	-10.4	40	NaN	NaN	3151922.614578397	1216.0861300244942	41275	39.963132468853296	3933	401540.6720488109	209.78167081350276	13830	36.33884297520661	3872
r_pp_light_00348.fits	0	60224.60800254624	2460224.6080025462	NaN	NaN	0	1.560659	NaN	-10.4	40	NaN	NaN	3179401.3919124887	1223.6350650562747	41044	41.50566718186502	3882	399172.7556210457	208.59378468463842	14626	37.45765345765346	3861
r_pp_light_00349.fits	0	60224.60854549799	2460224.608545498	NaN	NaN	0	1.561933	NaN	-10.4	40	NaN	NaN	3176964.1848949366	1223.1920992272567	40646	40.88176964149504	3933	400955.6102261296	209.402370793919	14349	37.034871525957	3814
r_pp_light_00350.fits	0	60224.60908921296	2460224.609089213	NaN	NaN	0	1.563214	NaN	-10.4	40	NaN	NaN	3558484.874863956	1328.5606803582054	39254	39.64479166666667	3840	397090.31959266117	207.58560397702468	12085	35.42601710287639	3859
r_pp_light_00351.fits	0	60224.60963283572	2460224.6096328357	NaN	NaN	0	1.564513	NaN	-10.4	40	NaN	NaN	3393954.4080184754	1283.811005235921	38757	40.644141829393625	3892	397000.89375981205	207.4636602663926	13186	35.00867507886435	3804
r_pp_light_00352.fits	0	60224.610176539514	2460224.6101765395	NaN	NaN	0	1.565789	NaN	-10.4	40	NaN	NaN	3433810.9009095808	1294.6874774901692	39366	42.03145951521403	3878	394356.8789129991	206.1329356106405	11282	37.15625823451911	3795
r_pp_light_00353.fits	0	60224.6107200929	2460224.610720093	NaN	NaN	0	1.567093	NaN	-10.4	40	NaN	NaN	3157968.633039722	1217.6663699651904	40406	41.082650972364384	3908	396514.91417770775	207.31902667811377	14511	36.94508894044857	3879
r_pp_light_00354.fits	0	60224.611263935454	2460224.6112639355	NaN	NaN	0	1.568371	NaN	-10.4	40	NaN	NaN	3336445.620220019	1267.9372469081948	36953	40.93962650294193	3909	393522.6327530325	205.91137615258373	12690	36.03139356814702	3918
r_pp_light_00355.fits	0	60224.61180777801	2460224.611807778	NaN	NaN	0	1.569648	NaN	-10.4	40	NaN	NaN	3485325.713472044	1308.4714673702636	38049	41.98792650918635	3810	388375.89222673886	203.21140256902302	10039	36.158559032342886	3803
r_pp_light_00356.fits	0	60224.612351539545	2460224.6123515395	NaN	NaN	0	1.570925	NaN	-10.4	40	NaN	NaN	3737946.0856088074	1376.0140059108514	36757	43.41295654492136	3751	385311.25094990944	201.85409519303386	9174	38.911614875191034	3926
r_pp_light_00357.fits	0	60224.61289537046	2460224.6128953705	NaN	NaN	0	1.572225	NaN	-10.4	40	NaN	NaN	3816714.2026050338	1397.2351523559328	36333	41.170013037809646	3835	376740.55723579304	197.61725799890124	8221	37.065712094093584	3911
r_pp_light_00358.fits	0	60224.61344097229	2460224.6134409723	NaN	NaN	0	1.573507	NaN	-10.4	40	NaN	NaN	3874979.176770751	1412.8083740963164	35304	41.45819483508054	3911	378297.39084199874	198.27705781402958	7824	36.103214005748626	3827
r_pp_light_00359.fits	0	60224.61398454895	2460224.613984549	NaN	NaN	0	1.574784	NaN	-10.4	40	NaN	NaN	3755803.568642851	1380.9133915778118	37399	41.850714663843306	3778	384566.49424364977	201.4029370835804	8154	35.98986749805144	3849
r_pp_light_00360.fits	0	60224.61452875007	2460224.61452875	NaN	NaN	0	1.576057	NaN	-10.4	40	NaN	NaN	3767005.37595194	1384.5849746050303	36900	40.027075351213284	3915	386458.12339614675	202.37006972095372	8136	35.594420046499614	3871
r_pp_light_00361.fits	0	60224.61507224571	2460224.6150722457	NaN	NaN	0	1.577362	NaN	-10.4	40	NaN	NaN	3513661.9546550224	1316.728550562446	38469	41.52168367346939	3920	393744.11827389855	205.9281695965669	10368	36.420383817427386	3856
r_pp_light_00362.fits	0	60224.61561717605	2460224.615617176	NaN	NaN	0	1.578636	NaN	-10.4	40	NaN	NaN	3613503.144260475	1343.7894088009862	39035	38.43962215981619	3917	390290.19516094617	204.34148364348445	9648	34.038765621015045	3921
r_pp_light_00363.fits	0	60224.61616083328	2460224.6161608333	NaN	NaN	0	1.579935	NaN	-10.4	40	NaN	NaN	3304431.5023626974	1259.2409701988656	40952	40.43593631539045	3957	395746.2337525902	207.0300250355457	12245	35.566234426646325	3933
r_pp_light_00364.fits	0	60224.61670456035	2460224.6167045604	NaN	NaN	0	1.581213	NaN	-10.4	40	NaN	NaN	3256198.544720377	1245.4844755964396	40252	41.00537221795856	3909	396514.07413254183	207.41058188287465	12340	35.53519695044473	3935
r_pp_light_00365.fits	0	60224.61724840291	2460224.617248403	NaN	NaN	0	1.58249	NaN	-10.4	40	NaN	NaN	3250493.549792607	1243.9908505284377	38589	40.09521384928717	3928	395579.99833250005	206.79407663011185	14101	36.5722860125261	3832
r_pp_light_00366.fits	0	60224.61779204896	2460224.617792049	NaN	NaN	0	1.583789	NaN	-10.3	40	NaN	NaN	3494028.9959939425	1311.3786657108262	39398	39.95575447570332	3910	391033.68935423286	204.6956325144756	10888	35.6185619581846	3922
r_pp_light_00367.fits	0	60224.61833555577	2460224.618335556	NaN	NaN	0	1.585066	NaN	-10.4	40	NaN	NaN	3470199.746729324	1304.9167000541097	38338	41.12655971479501	3927	391638.6823641711	204.86412710367128	10052	37.38001041124414	3842
r_pp_light_00368.fits	0	60224.618880069815	2460224.61888007	NaN	NaN	0	1.586345	NaN	-10.4	40	NaN	NaN	3374853.178842706	1277.9693654003568	36989	39.85335454786529	3771	395350.56819657056	206.81144589256004	11391	35.40408684546615	3915
r_pp_light_00369.fits	0	60224.619423692115	2460224.619423692	NaN	NaN	0	1.587643	NaN	-10.4	40	NaN	NaN	3414141.036908888	1289.4971018375877	37449	39.58450524162618	3911	391909.3899257581	205.08795761811663	10497	35.015934207144696	3891
r_pp_light_00370.fits	0	60224.61996744247	2460224.6199674425	NaN	NaN	0	1.58892	NaN	-10.4	40	NaN	NaN	3517479.4102151627	1317.3709191107255	37606	40.96190973128098	3833	392118.0632017445	205.14180783110342	9970	37.57179752066116	3872
r_pp_light_00371.fits	0	60224.62051069457	2460224.6205106946	NaN	NaN	0	1.590184	NaN	-10.4	40	NaN	NaN	3701028.840164194	1366.5001394745984	37232	41.54782608695652	3795	388179.45143094455	203.1837573493888	8337	35.93141075604053	3849
r_pp_light_00372.fits	0	60224.62105489615	2460224.621054896	NaN	NaN	0	1.591461	NaN	-10.4	40	NaN	NaN	3357901.884140625	1273.3604011618386	39751	40.000527704485485	3790	395181.68349405983	206.7289090556982	11467	35.012266802964476	3913
r_pp_light_00373.fits	0	60224.62159806723	2460224.621598067	NaN	NaN	0	1.592757	NaN	-10.4	40	NaN	NaN	3331090.6680154474	1266.4517586136146	38153	38.401283697047496	3895	394221.6519463367	206.3487190296744	11308	34.53621730382294	3976
r_pp_light_00374.fits	0	60224.62214177102	2460224.622141771	NaN	NaN	0	1.594033	NaN	-10.4	40	NaN	NaN	3448128.7844088105	1298.5951798004285	36697	39.11099585062241	3856	392348.68035748275	205.2711502573533	10896	35.013702171664946	3868
r_pp_light_00375.fits	0	60224.62268522009	2460224.62268522	NaN	NaN	0	1.595308	NaN	-10.4	40	NaN	NaN	3316281.865150259	1262.2627484427292	38601	39.93780519146749	3891	393122.54322630167	205.6107352758633	11511	35.573250065053344	3843
r_pp_light_00376.fits	0	60224.623229132034	2460224.623229132	NaN	NaN	0	1.596611	NaN	-10.4	40	NaN	NaN	3347415.759168862	1270.7158239044509	38706	40.801818181818184	3850	393935.8599779629	206.0334610540565	12079	36.49223602484472	3864
r_pp_light_00377.fits	0	60224.62377266213	2460224.623772662	NaN	NaN	0	1.59788	NaN	-10.4	40	NaN	NaN	3606846.7276009535	1341.7998053522529	39135	40.41868244981987	3886	385295.84614224976	201.72205819344518	9718	35.4635935044526	3818
r_pp_light_00378.fits	0	60224.62431768514	2460224.624317685	NaN	NaN	0	1.599151	NaN	-10.4	40	NaN	NaN	3695690.436696946	1365.3712785522075	36672	40.46881496881497	3848	384222.30627622886	201.2683897366414	8191	35.698605371900825	3872
r_pp_light_00379.fits	0	60224.62486166693	2460224.624861667	NaN	NaN	0	1.60042	NaN	-10.4	40	NaN	NaN	3770537.341991714	1385.9310712846348	36345	39.46676661669166	4002	385268.0214096408	201.67623221320653	7693	34.91906142894806	3793
r_pp_light_00380.fits	0	60224.62540589133	2460224.6254058913	NaN	NaN	0	1.601723	NaN	-10.4	40	NaN	NaN	3891383.2152308994	1416.9158325281824	37786	39.43869632695292	3866	382932.92794858915	200.61514430421184	7596	34.53309109784583	3853
r_pp_light_00381.fits	0	60224.625948842615	2460224.6259488426	NaN	NaN	0	1.603001	NaN	-10.4	40	NaN	NaN	3562320.396219959	1329.7279347964009	38592	39.278913324708924	3865	388843.9796259686	203.44029295585767	9372	35.1077449947313	3796
r_pp_light_00382.fits	0	60224.62649379624	2460224.6264937962	NaN	NaN	0	1.604271	NaN	-10.4	40	NaN	NaN	3759874.97833131	1382.7022423071144	36144	41.43079276064237	3923	382625.29812279646	200.56335405206255	7702	36.60172720345441	3937
r_pp_light_00383.fits	0	60224.627037697006	2460224.627037697	NaN	NaN	0	1.605565	NaN	-10.4	40	NaN	NaN	3544122.8733366714	1324.661553748042	35934	40.39068193649141	3842	383202.7893884122	200.80408262602657	8636	35.9525762624968	3901
r_pp_light_00384.fits	0	60224.62758145854	2460224.6275814585	NaN	NaN	0	1.606837	NaN	-10.4	40	NaN	NaN	3629134.012848433	1347.7623188923196	36153	40.83496395468589	3884	381219.4452321988	199.76863097484767	8616	37.053529868114815	3867
r_pp_light_00385.fits	0	60224.62812532438	2460224.6281253244	NaN	NaN	0	1.608109	NaN	-10.4	40	NaN	NaN	3789345.2594048735	1390.227621539814	37160	40.92919896640827	3870	377760.5939348913	198.12276542515508	7259	36.56843182399591	3909
r_pp_light_00386.fits	0	60224.628669467755	2460224.6286694678	NaN	NaN	0	1.609369	NaN	-10.4	40	NaN	NaN	3819051.074357303	1397.432256588524	36469	38.637506688068484	3738	374592.3701136858	196.5999984774897	6896	35.52249047013977	3935
r_pp_light_00387.fits	0	60224.62921296293	2460224.629212963	NaN	NaN	0	1.610666	NaN	-10.4	40	NaN	NaN	3692710.7328858767	1364.9114722958009	35349	41.13029066802652	3922	377314.06386419095	197.95798947709835	7958	35.870501773948305	3946
r_pp_light_00388.fits	0	60224.629757835995	2460224.629757836	NaN	NaN	0	1.611939	NaN	-10.4	40	NaN	NaN	3511046.18384255	1315.5289130550036	37804	41.8394867766431	3819	385937.83251254004	202.043591743859	9361	36.58725182863114	3828
r_pp_light_00389.fits	0	60224.63030130789	2460224.630301308	NaN	NaN	0	1.613202	NaN	-10.4	40	NaN	NaN	3597435.943279377	1338.690318224081	37664	41.43811290750066	3773	388658.4885796751	203.3273899069917	9950	36.97178270042194	3792
r_pp_light_00390.fits	0	60224.63084550947	2460224.6308455095	NaN	NaN	0	1.614493	NaN	-10.4	40	NaN	NaN	3442490.835785443	1297.132631846024	36024	41.343967069719575	3887	385316.01778956637	201.88726201594918	10074	36.37401474701246	3933
r_pp_light_00391.fits	0	60224.631388530135	2460224.63138853	NaN	NaN	0	1.615753	NaN	-10.4	40	NaN	NaN	4038763.4951623767	1454.813721623184	35902	41.45033626487325	3866	372960.4536556054	195.6723838004888	6389	36.8544747081712	3855
r_pp_light_00392.fits	0	60224.631932349876	2460224.63193235	NaN	NaN	0	1.617021	NaN	-10.4	40	NaN	NaN	3896552.0000555846	1418.2117320063762	35222	40.390730191610565	3862	379660.64688366395	198.89757950375258	7531	36.52544160295281	3793
r_pp_light_00393.fits	0	60224.63247627346	2460224.6324762735	NaN	NaN	0	1.618275	NaN	-10.4	40	NaN	NaN	3938740.1817948474	1429.1791389618422	36235	41.60856111397628	3878	371927.56038373813	195.30732023784455	6474	36.53951022469074	3961
r_pp_light_00394.fits	0	60224.63302039355	2460224.6330203936	NaN	NaN	0	1.619576	NaN	-10.4	40	NaN	NaN	3679406.3619682454	1361.3568689764966	35748	42.40183346065699	3927	387249.750032441	202.75717011379743	9602	37.98686582539274	3883
r_pp_light_00395.fits	0	60224.63356386591	2460224.633563866	NaN	NaN	0	1.620841	NaN	-10.4	40	NaN	NaN	3444326.3749644635	1297.6406104600617	38684	42.54069319640565	3895	386747.05340525095	202.5680665889245	9457	37.5155532891382	3922
r_pp_light_00396.fits	0	60224.63410762744	2460224.6341076274	NaN	NaN	0	1.6221	NaN	-10.4	40	NaN	NaN	3728765.6986017353	1374.663844746174	37466	40.58211217786761	3958	377898.3385432438	198.13844010332832	7207	36.377260981912144	3870
r_pp_light_00397.fits	0	60224.634651088156	2460224.634651088	NaN	NaN	0	1.623384	NaN	-10.4	40	NaN	NaN	3726327.1511689466	1373.1881202214333	37081	42.406587615283264	3795	375742.6879783956	197.07864356060156	8375	37.90316765387587	3883
r_pp_light_00398.fits	0	60224.63519613445	2460224.6351961344	NaN	NaN	0	1.62465	NaN	-10.4	40	NaN	NaN	3709650.2550517768	1368.7528495485562	35953	42.33438818565401	3792	374048.84317241365	196.17935077806496	7081	36.91912340203496	3833
r_pp_light_00399.fits	0	60224.635739965364	2460224.6357399654	NaN	NaN	0	1.625913	NaN	-10.4	40	NaN	NaN	3501334.6699186903	1312.679077964478	38188	41.101775775245166	3773	374478.52626538114	196.47373201644976	9543	36.943730729701954	3892
r_pp_light_00400.fits	0	60224.63628377346	2460224.6362837735	NaN	NaN	0	1.627196	NaN	-10.4	40	NaN	NaN	3422769.404274918	1291.5681353835462	36475	41.44879439979258	3857	376806.6700845667	197.63431993770607	9402	36.62997177315884	3897
